5.883002939429999856e+01,7.647150057803399648e+01,1.929421334848470053e+02
6.000029796237152624e+01,7.821837742259909021e+01,1.944771993830606505e+02
6.117056653044306103e+01,7.996525426716415552e+01,1.960122652812742672e+02
6.234083509851458160e+01,8.171213111172924926e+01,1.975473311794879407e+02
6.351110366658611639e+01,8.345900795629432878e+01,1.990823970777015859e+02
6.468137223465762986e+01,8.520588480085940830e+01,2.006174629759152310e+02
6.585164080272916465e+01,8.695276164542450203e+01,2.021525288741288477e+02
6.702190937080069943e+01,8.869963848998958156e+01,2.036875947723425213e+02
6.819338951688457939e+01,9.044557525201511794e+01,2.052183521541785183e+02
6.940242858135140125e+01,9.216236945531449010e+01,2.066155455283078481e+02
7.061146764581822310e+01,9.387916365861387646e+01,2.080127389024371780e+02
7.182050671028505917e+01,9.559595786191327704e+01,2.094099322765665079e+02
7.302954577475188103e+01,9.731275206521266341e+01,2.108071256506958093e+02
7.423858483921868867e+01,9.902954626851203557e+01,2.122043190248251108e+02
7.544762390368552474e+01,1.007463404718114361e+02,2.136015123989544406e+02
7.665666296815234659e+01,1.024631346751108225e+02,2.149987057730837705e+02
7.786831329871691310e+01,1.041774830619563659e+02,2.163864127719713508e+02
7.911913262074759245e+01,1.058551442019943920e+02,2.176318241422328015e+02
8.036995194277828602e+01,1.075328053420324181e+02,2.188772355124942521e+02
8.162077126480895117e+01,1.092104664820704443e+02,2.201226468827557312e+02
8.287159058683964474e+01,1.108881276221084562e+02,2.213680582530171819e+02
8.412240990887032410e+01,1.125657887621464823e+02,2.226134696232786325e+02
8.537322923090101767e+01,1.142434499021845085e+02,2.238588809935400832e+02
8.662404855293169703e+01,1.159211110422225346e+02,2.251042923638015338e+02
8.787870272191186416e+01,1.175940711370946730e+02,2.263343278137019183e+02
8.917042707807036095e+01,1.192215877953632770e+02,2.274157293667782085e+02
9.046215143422885774e+01,1.208491044536318952e+02,2.284971309198545555e+02
9.175387579038734032e+01,1.224766211119005135e+02,2.295785324729309025e+02
9.304560014654583711e+01,1.241041377701691317e+02,2.306599340260072211e+02
9.433732450270433390e+01,1.257316544284377358e+02,2.317413355790835396e+02
9.562904885886281647e+01,1.273591710867063540e+02,2.328227371321598866e+02
9.692077321502131326e+01,1.289866877449749722e+02,2.339041386852362052e+02
9.821710517570677723e+01,1.306064446418690181e+02,2.349637345165581337e+02
9.954569036808096882e+01,1.321718832091409013e+02,2.358706902955992462e+02
1.008742755604551888e+02,1.337373217764128128e+02,2.367776460746403870e+02
1.022028607528294089e+02,1.353027603436847244e+02,2.376846018536815279e+02
1.035314459452036147e+02,1.368681989109566075e+02,2.385915576327226404e+02
1.048600311375778347e+02,1.384336374782285191e+02,2.394985134117637813e+02
1.061886163299520405e+02,1.399990760455004306e+02,2.404054691908049222e+02
1.075172015223262605e+02,1.415645146127723422e+02,2.413124249698460346e+02
1.088505111712258895e+02,1.431183349615849636e+02,2.421907869506213444e+02
1.102093328853627270e+02,1.446094169307173729e+02,2.429147424207612005e+02
1.115681545994995787e+02,1.461004988998497822e+02,2.436386978909010566e+02
1.129269763136364162e+02,1.475915808689822200e+02,2.443626533610409410e+02
1.142857980277732821e+02,1.490826628381146293e+02,2.450866088311807971e+02
1.156446197419101054e+02,1.505737448072470386e+02,2.458105643013206247e+02
1.170034414560469571e+02,1.520648267763794763e+02,2.465345197714604808e+02
1.183622631701838088e+02,1.535559087455118856e+02,2.472584752416003369e+02
1.197251245605876733e+02,1.550307497043918943e+02,2.479468794138130079e+02
1.211054912148152454e+02,1.564352129521780626e+02,2.484812279616744490e+02
1.224858578690428175e+02,1.578396761999642308e+02,2.490155765095359186e+02
1.238662245232703896e+02,1.592441394477503991e+02,2.495499250573973882e+02
1.252465911774979759e+02,1.606486026955365674e+02,2.500842736052588577e+02
1.266269578317255338e+02,1.620530659433227072e+02,2.506186221531202989e+02
1.280073244859531201e+02,1.634575291911089039e+02,2.511529707009817685e+02
1.293876911401806922e+02,1.648619924388950722e+02,2.516873192488432380e+02
1.307705161839267021e+02,1.662448839982087065e+02,2.521791816736001124e+02
1.321621211902386221e+02,1.675507338129776542e+02,2.525193079444119633e+02
1.335537261965505422e+02,1.688565836277466019e+02,2.528594342152238141e+02
1.349453312028624339e+02,1.701624334425155212e+02,2.531995604860356650e+02
1.363369362091743255e+02,1.714682832572844688e+02,2.535396867568475443e+02
1.377285412154862172e+02,1.727741330720533881e+02,2.538798130276593668e+02
1.391201462217981373e+02,1.740799828868223642e+02,2.542199392984712460e+02
1.405117512281100574e+02,1.753858327015912835e+02,2.545600655692831253e+02
1.419032843860437936e+02,1.766641447742044591e+02,2.548509848326870610e+02
1.432946019988430351e+02,1.778598436203503468e+02,2.549942830738672797e+02
1.446859196116422765e+02,1.790555424664962061e+02,2.551375813150475267e+02
1.460772372244415465e+02,1.802512413126421222e+02,2.552808795562277737e+02
1.474685548372407879e+02,1.814469401587880100e+02,2.554241777974080208e+02
1.488598724500400579e+02,1.826426390049338693e+02,2.555674760385882109e+02
1.502511900628392993e+02,1.838383378510797570e+02,2.557107742797684580e+02
1.516425076756385408e+02,1.850340366972256447e+02,2.558540725209487050e+02
1.530302567497186317e+02,1.861956822401574527e+02,2.559418435580446669e+02
1.544088862248497094e+02,1.872703026748755804e+02,2.558877117402587089e+02
1.557875156999808155e+02,1.883449231095937080e+02,2.558335799224727225e+02
1.571661451751119500e+02,1.894195435443118356e+02,2.557794481046867645e+02
1.585447746502430562e+02,1.904941639790299348e+02,2.557253162869007781e+02
1.599234041253741623e+02,1.915687844137480624e+02,2.556711844691147917e+02
1.613020336005052400e+02,1.926434048484661616e+02,2.556170526513288337e+02
1.626806630756363745e+02,1.937180252831842893e+02,2.555629208335428473e+02
1.640512714595901684e+02,1.947516248899053437e+02,2.554475205241074605e+02
1.654042334429539380e+02,1.956949786750328713e+02,2.551973295330433587e+02
1.667571954263176792e+02,1.966383324601603704e+02,2.549471385419792853e+02
1.681101574096814772e+02,1.975816862452879263e+02,2.546969475509151835e+02
1.694631193930452184e+02,1.985250400304154539e+02,2.544467565598510816e+02
1.708160813764090165e+02,1.994683938155429814e+02,2.541965655687870083e+02
1.721690433597727576e+02,2.004117476006705090e+02,2.539463745777229065e+02
1.735220053431365272e+02,2.013551013857980365e+02,2.536961835866588046e+02
1.748615714238792123e+02,2.022501224412632723e+02,2.533797278467561398e+02
1.761755635087089615e+02,2.030528719219187224e+02,2.529367666772525070e+02
1.774895555935387108e+02,2.038556214025741440e+02,2.524938055077489025e+02
1.788035476783684317e+02,2.046583708832295940e+02,2.520508443382452697e+02
1.801175397631982094e+02,2.054611203638850156e+02,2.516078831687416084e+02
1.814315318480279302e+02,2.062638698445404657e+02,2.511649219992380040e+02
1.827455239328576795e+02,2.070666193251958873e+02,2.507219608297343711e+02
1.840595160176874003e+02,2.078693688058513374e+02,2.502789996602307383e+02
1.853538671605104753e+02,2.086162456072543989e+02,2.497656728346764226e+02
1.866154833999890457e+02,2.092700012765701842e+02,2.491350699157041788e+02
1.878770996394676160e+02,2.099237569458859411e+02,2.485044669967319351e+02
1.891387158789462148e+02,2.105775126152016981e+02,2.478738640777596913e+02
1.904003321184248136e+02,2.112312682845174550e+02,2.472432611587874760e+02
1.916619483579033840e+02,2.118850239538332403e+02,2.466126582398152323e+02
1.929235645973819828e+02,2.125387796231489972e+02,2.459820553208430169e+02
1.941851808368605816e+02,2.131925352924647541e+02,2.453514524018707448e+02
1.954201083433218287e+02,2.137827736935977896e+02,2.446474095408802896e+02
1.966160292399885634e+02,2.142801791643098568e+02,2.438360313800170331e+02
1.978119501366552981e+02,2.147775846350219524e+02,2.430246532191538051e+02
1.990078710333220329e+02,2.152749901057340765e+02,2.422132750582905487e+02
2.002037919299887676e+02,2.157723955764461437e+02,2.414018968974273207e+02
2.013997128266555023e+02,2.162698010471582677e+02,2.405905187365640643e+02
2.025956337233222371e+02,2.167672065178703633e+02,2.397791405757008079e+02
2.037915546199889718e+02,2.172646119885824305e+02,2.389677624148375799e+02
2.049530163064468411e+02,2.176908799612392045e+02,2.380810054528317607e+02
2.060701732940647162e+02,2.180256854363962873e+02,2.370973328893569203e+02
2.071873302816825628e+02,2.183604909115533701e+02,2.361136603258821083e+02
2.083044872693004663e+02,2.186952963867104813e+02,2.351299877624072963e+02
2.094216442569183414e+02,2.190301018618675641e+02,2.341463151989324842e+02
2.105388012445362449e+02,2.193649073370246469e+02,2.331626426354576722e+02
2.116559582321541200e+02,2.196997128121817013e+02,2.321789700719828033e+02
2.127731152197719950e+02,2.200345182873387841e+02,2.311952975085079913e+02
2.138474107616415836e+02,2.202907227932967942e+02,2.301355259745312480e+02
2.148731299983297731e+02,2.204578462008292377e+02,2.289895089406522857e+02
2.158988492350179342e+02,2.206249696083616527e+02,2.278434919067733233e+02
2.169245684717061522e+02,2.207920930158940962e+02,2.266974748728943609e+02
2.179502877083943417e+02,2.209592164234265113e+02,2.255514578390153986e+02
2.189760069450825313e+02,2.211263398309589263e+02,2.244054408051364078e+02
2.200017261817706924e+02,2.212934632384913698e+02,2.232594237712574454e+02
2.210274454184588819e+02,2.214605866460237849e+02,2.221134067373784831e+02
2.220606071544511906e+02,2.212795451651727774e+02,2.208253676745575831e+02
2.231012113897475615e+02,2.207503387959383190e+02,2.193953065827947739e+02
2.241418156250439324e+02,2.202211324267038606e+02,2.179652454910319648e+02
2.251824198603403318e+02,2.196919260574694306e+02,2.165351843992691272e+02
2.262230240956366742e+02,2.191627196882349722e+02,2.151051233075063465e+02
2.272636283309330736e+02,2.186335133190005138e+02,2.136750622157434520e+02
2.283042325662294445e+02,2.181043069497660838e+02,2.122450011239806429e+02
2.293448368015258438e+02,2.175751005805316254e+02,2.108149400322178337e+02
2.302821613463934227e+02,2.169592129157639704e+02,2.093531852573256060e+02
2.311283567526473348e+02,2.162668417549376443e+02,2.078634654679074458e+02
2.319745521589012469e+02,2.155744705941112898e+02,2.063737456784892572e+02
2.328207475651551874e+02,2.148820994332849068e+02,2.048840258890710970e+02
2.336669429714090995e+02,2.141897282724585807e+02,2.033943060996529084e+02
2.345131383776630400e+02,2.134973571116322262e+02,2.019045863102347766e+02
2.353593337839169806e+02,2.128049859508059001e+02,2.004148665208166165e+02
2.362055291901708927e+02,2.121126147899795171e+02,1.989251467313984278e+02
2.369433107245770032e+02,2.113316027887725284e+02,1.974101236635039527e+02
2.375967703586569826e+02,2.104816479117138783e+02,1.958754202679056391e+02
2.382502299927369904e+02,2.096316930346552567e+02,1.943407168723073539e+02
2.389036896268169983e+02,2.087817381575966067e+02,1.928060134767090119e+02
2.395571492608969777e+02,2.079317832805379851e+02,1.912713100811107836e+02
2.402106088949769855e+02,2.070818284034793351e+02,1.897366066855124132e+02
2.408640685290569934e+02,2.062318735264206850e+02,1.882019032899141280e+02
2.415175281631370012e+02,2.053819186493620634e+02,1.866671998943158144e+02
2.420573709806108980e+02,2.044422709707928050e+02,1.851142637228807359e+02
2.425194759761963894e+02,2.034412545332951936e+02,1.835488524942942092e+02
2.429815809717819093e+02,2.024402380957976106e+02,1.819834412657076541e+02
2.434436859673674292e+02,2.014392216582999993e+02,1.804180300371211274e+02
2.439057909629529206e+02,2.004382052208024163e+02,1.788526188085345723e+02
2.443678959585384405e+02,1.994371887833048049e+02,1.772872075799480172e+02
2.448300009541239319e+02,1.984361723458072220e+02,1.757217963513614905e+02
2.452921059497094234e+02,1.974351559083096106e+02,1.741563851227749353e+02
2.456355610508121003e+02,1.963442837816552924e+02,1.725803729053241682e+02
2.459078262152251000e+02,1.951994982415069728e+02,1.709980000945548397e+02
2.461800913796380996e+02,1.940547127013586248e+02,1.694156272837855397e+02
2.464523565440510708e+02,1.929099271612103053e+02,1.678332544730162113e+02
2.467246217084640705e+02,1.917651416210620141e+02,1.662508816622469396e+02
2.469968868728770417e+02,1.906203560809136377e+02,1.646685088514775828e+02
2.472691520372900413e+02,1.894755705407653181e+02,1.630861360407082543e+02
2.475414172017030126e+02,1.883307850006169701e+02,1.615037632299389543e+02
2.476903726503376504e+02,1.870967964944720165e+02,1.599188577427570408e+02
2.477747372954693503e+02,1.858160826251860271e+02,1.583326256155495173e+02
2.478591019406009934e+02,1.845353687558999809e+02,1.567463934883419938e+02
2.479434665857326650e+02,1.832546548866139631e+02,1.551601613611344703e+02
2.480278312308643365e+02,1.819739410173279452e+02,1.535739292339269468e+02
2.481121958759960080e+02,1.806932271480419274e+02,1.519876971067193949e+02
2.481965605211276511e+02,1.794125132787558812e+02,1.504014649795118714e+02
2.482809251662593510e+02,1.781317994094698633e+02,1.488152328523043479e+02
2.482378731116869801e+02,1.767631957848064985e+02,1.472348453710033311e+02
2.481369043754309871e+02,1.753546422713352513e+02,1.456571145469325472e+02
2.480359356391749941e+02,1.739460887578640040e+02,1.440793837228617917e+02
2.479349669029190011e+02,1.725375352443927852e+02,1.425016528987910078e+02
2.478339981666630081e+02,1.711289817309215664e+02,1.409239220747202808e+02
2.477330294304069866e+02,1.697204282174502907e+02,1.393461912506494684e+02
2.476320606941509936e+02,1.683118747039790435e+02,1.377684604265786845e+02
2.475310919578950006e+02,1.669033211905077962e+02,1.361907296025079290e+02
2.472993142621193670e+02,1.654085677168466191e+02,1.346274032639105656e+02
2.470163504517491049e+02,1.638800838239807263e+02,1.330697134631071776e+02
2.467333866413788428e+02,1.623515999311148903e+02,1.315120236623038181e+02
2.464504228310086091e+02,1.608231160382489975e+02,1.299543338615004018e+02
2.461674590206383471e+02,1.592946321453831047e+02,1.283966440606970139e+02
2.458844952102680566e+02,1.577661482525172119e+02,1.268389542598936259e+02
2.456015313998977945e+02,1.562376643596513759e+02,1.252812644590902380e+02
2.453185675895275608e+02,1.547091804667854831e+02,1.237235746582868501e+02
2.449022653567654970e+02,1.530960605818949318e+02,1.221889095400605925e+02
2.444415169832061565e+02,1.514547286996628372e+02,1.206619193160267116e+02
2.439807686096467876e+02,1.498133968174307142e+02,1.191349290919928166e+02
2.435200202360874755e+02,1.481720649351986481e+02,1.176079388679589499e+02
2.430592718625281350e+02,1.465307330529665819e+02,1.160809486439251117e+02
2.425985234889687661e+02,1.448894011707344589e+02,1.145539584198911740e+02
2.421377751154094540e+02,1.432480692885023643e+02,1.130269681958573074e+02
2.416770267418500850e+02,1.416067374062702697e+02,1.114999779718234123e+02
2.410814083068936782e+02,1.398813037035425850e+02,1.100045803083021667e+02
2.404480262547461393e+02,1.381323214910761408e+02,1.085180285617244778e+02
2.398146442025985436e+02,1.363833392786096965e+02,1.070314768151467888e+02
2.391812621504509764e+02,1.346343570661432523e+02,1.055449250685690998e+02
2.385478800983033807e+02,1.328853748536768080e+02,1.040583733219913967e+02
2.379144980461558418e+02,1.311363926412103638e+02,1.025718215754137077e+02
2.372811159940082462e+02,1.293874104287439195e+02,1.010852698288360187e+02
2.366477339418606789e+02,1.276384282162774610e+02,9.959871808225831558e+01
2.358790712280062110e+02,1.258031353787671236e+02,9.815217604794108297e+01
2.350791898999117109e+02,1.239479247047081998e+02,9.671486702414551928e+01
2.342793085718172108e+02,1.220927140306492902e+02,9.527755800034994138e+01
2.334794272437227391e+02,1.202375033565903664e+02,9.384024897655437769e+01
2.326795459156282391e+02,1.183822926825315136e+02,9.240293995275882821e+01
2.318796645875337674e+02,1.165270820084725472e+02,9.096563092896320768e+01
2.310797832594392673e+02,1.146718713344136233e+02,8.952832190516764399e+01
2.302799019313447673e+02,1.128166606603546995e+02,8.809101288137206609e+01
2.293455603932404756e+02,1.108666534421491718e+02,8.670190375588313714e+01
2.283863188162454492e+02,1.088990913083609371e+02,8.532172053748803364e+01
2.274270772392504227e+02,1.069315291745727023e+02,8.394153731909291594e+01
2.264678356622554247e+02,1.049639670407844818e+02,8.256135410069781244e+01
2.255085940852603983e+02,1.029964049069962329e+02,8.118117088230272316e+01
2.245493525082654003e+02,1.010288427732079981e+02,7.980098766390760545e+01
2.235901109312703738e+02,9.906128063941976336e+01,7.842080444551250196e+01
2.226308693542753758e+02,9.709371850563154283e+01,7.704062122711738425e+01
2.215393158406043028e+02,9.500831291637500442e+01,7.571655707345927055e+01
2.204288606216938149e+02,9.290607254776588775e+01,7.440050992904929217e+01
2.193184054027833270e+02,9.080383217915675687e+01,7.308446278463931378e+01
2.182079501838728106e+02,8.870159181054761177e+01,7.176841564022933539e+01
2.170974949649623795e+02,8.659935144193855194e+01,7.045236849581941385e+01
2.159870397460518348e+02,8.449711107332936422e+01,6.913632135140937862e+01
2.148765845271413468e+02,8.239487070472021912e+01,6.782027420699941445e+01
2.137661293082308589e+02,8.029263033611110245e+01,6.650422706258942185e+01
2.125269194324270643e+02,7.801128273678938285e+01,6.525195069363859091e+01
2.112743901093584498e+02,7.571140680325601124e+01,6.400627130145939248e+01
2.100218607862898352e+02,7.341153086972265385e+01,6.276059190928020115e+01
2.087693314632212491e+02,7.111165493618929645e+01,6.151491251710099561e+01
2.075168021401526346e+02,6.881177900265592484e+01,6.026923312492179718e+01
2.062642728170840201e+02,6.651190306912256744e+01,5.902355373274259875e+01
2.050117434940153771e+02,6.421202713558919584e+01,5.777787434056340032e+01
2.037592141709467910e+02,6.191215120205583133e+01,5.653219494838420189e+01
2.023829616154092434e+02,5.923740036205975912e+01,5.535774556125582535e+01
2.009984608443737386e+02,5.653765786163284446e+01,5.418804484113083220e+01
1.996139600733382906e+02,5.383791536120592980e+01,5.301834412100584615e+01
1.982294593023027858e+02,5.113817286077900803e+01,5.184864340088085299e+01
1.968449585312673378e+02,4.843843036035217153e+01,5.067894268075590247e+01
1.954604577602318329e+02,4.573868785992517871e+01,4.950924196063088090e+01
1.940759569891963565e+02,4.303894535949824984e+01,4.833954124050588774e+01
1.926914562181608517e+02,4.033920285907133518e+01,4.716984052038090880e+01
1.911897842881995473e+02,3.584524096646286750e+01,4.607882082485990338e+01
1.896843326434342032e+02,3.129340102894531483e+01,4.499033922690677656e+01
1.881788809986688307e+02,2.674156109142775861e+01,4.390185762895364263e+01
1.866734293539034581e+02,2.218972115391020949e+01,4.281337603100051581e+01
1.851679777091380856e+02,1.763788121639265682e+01,4.172489443304738899e+01
1.836625260643727131e+02,1.308604127887510060e+01,4.063641283509425506e+01
1.821570744196073690e+02,8.534201341357547932e+00,3.954793123714112824e+01
1.806516227748419965e+02,3.982361403839999703e+00,3.845944963918799431e+01
