1.556072352941176291e+02,8.934867058823529362e+01,1.827130117647058967e+02
5.220371764705882356e+01,1.525954823529411613e+02,2.198579647058823241e+02
1.495837294117647218e+02,1.656464117647058742e+02,1.666503294117647158e+02
2.319049764705882239e+02,7.629774117647058063e+01,6.023505882352940688e+01
5.220371764705882356e+01,7.328598823529411277e+01,9.436825882352941619e+01
4.618021176470588074e+01,2.047992000000000132e+02,1.134426941176470507e+02
1.556072352941176291e+02,8.934867058823529362e+01,1.827130117647058967e+02
5.220371764705882356e+01,1.525954823529411613e+02,2.198579647058823241e+02
1.495837294117647218e+02,1.656464117647058742e+02,1.666503294117647158e+02
2.319049764705882239e+02,7.629774117647058063e+01,6.023505882352940688e+01
5.220371764705882356e+01,7.328598823529411277e+01,9.436825882352941619e+01
4.618021176470588074e+01,2.047992000000000132e+02,1.134426941176470507e+02
1.556072352941176291e+02,8.934867058823529362e+01,1.827130117647058967e+02
5.220371764705882356e+01,1.525954823529411613e+02,2.198579647058823241e+02
1.495837294117647218e+02,1.656464117647058742e+02,1.666503294117647158e+02
2.319049764705882239e+02,7.629774117647058063e+01,6.023505882352940688e+01
5.220371764705882356e+01,7.328598823529411277e+01,9.436825882352941619e+01
4.618021176470588074e+01,2.047992000000000132e+02,1.134426941176470507e+02
1.556072352941176291e+02,8.934867058823529362e+01,1.827130117647058967e+02
5.220371764705882356e+01,1.525954823529411613e+02,2.198579647058823241e+02
1.495837294117647218e+02,1.656464117647058742e+02,1.666503294117647158e+02
2.319049764705882239e+02,7.629774117647058063e+01,6.023505882352940688e+01
5.220371764705882356e+01,7.328598823529411277e+01,9.436825882352941619e+01
4.618021176470588074e+01,2.047992000000000132e+02,1.134426941176470507e+02
1.556072352941176291e+02,8.934867058823529362e+01,1.827130117647058967e+02
5.220371764705882356e+01,1.525954823529411613e+02,2.198579647058823241e+02
1.495837294117647218e+02,1.656464117647058742e+02,1.666503294117647158e+02
2.319049764705882239e+02,7.629774117647058063e+01,6.023505882352940688e+01
5.220371764705882356e+01,7.328598823529411277e+01,9.436825882352941619e+01
4.618021176470588074e+01,2.047992000000000132e+02,1.134426941176470507e+02
1.556072352941176291e+02,8.934867058823529362e+01,1.827130117647058967e+02
5.220371764705882356e+01,1.525954823529411613e+02,2.198579647058823241e+02
1.495837294117647218e+02,1.656464117647058742e+02,1.666503294117647158e+02
2.319049764705882239e+02,7.629774117647058063e+01,6.023505882352940688e+01
5.220371764705882356e+01,7.328598823529411277e+01,9.436825882352941619e+01
4.618021176470588074e+01,2.047992000000000132e+02,1.134426941176470507e+02
1.556072352941176291e+02,8.934867058823529362e+01,1.827130117647058967e+02
5.220371764705882356e+01,1.525954823529411613e+02,2.198579647058823241e+02
1.495837294117647218e+02,1.656464117647058742e+02,1.666503294117647158e+02
2.319049764705882239e+02,7.629774117647058063e+01,6.023505882352940688e+01
5.220371764705882356e+01,7.328598823529411277e+01,9.436825882352941619e+01
4.618021176470588074e+01,2.047992000000000132e+02,1.134426941176470507e+02
1.556072352941176291e+02,8.934867058823529362e+01,1.827130117647058967e+02
5.220371764705882356e+01,1.525954823529411613e+02,2.198579647058823241e+02
1.495837294117647218e+02,1.656464117647058742e+02,1.666503294117647158e+02
2.319049764705882239e+02,7.629774117647058063e+01,6.023505882352940688e+01
5.220371764705882356e+01,7.328598823529411277e+01,9.436825882352941619e+01
4.618021176470588074e+01,2.047992000000000132e+02,1.134426941176470507e+02
1.556072352941176291e+02,8.934867058823529362e+01,1.827130117647058967e+02
5.220371764705882356e+01,1.525954823529411613e+02,2.198579647058823241e+02
1.495837294117647218e+02,1.656464117647058742e+02,1.666503294117647158e+02
2.319049764705882239e+02,7.629774117647058063e+01,6.023505882352940688e+01
5.220371764705882356e+01,7.328598823529411277e+01,9.436825882352941619e+01
4.618021176470588074e+01,2.047992000000000132e+02,1.134426941176470507e+02
1.556072352941176291e+02,8.934867058823529362e+01,1.827130117647058967e+02
5.220371764705882356e+01,1.525954823529411613e+02,2.198579647058823241e+02
1.495837294117647218e+02,1.656464117647058742e+02,1.666503294117647158e+02
2.319049764705882239e+02,7.629774117647058063e+01,6.023505882352940688e+01
5.220371764705882356e+01,7.328598823529411277e+01,9.436825882352941619e+01
4.618021176470588074e+01,2.047992000000000132e+02,1.134426941176470507e+02
1.556072352941176291e+02,8.934867058823529362e+01,1.827130117647058967e+02
5.220371764705882356e+01,1.525954823529411613e+02,2.198579647058823241e+02
1.495837294117647218e+02,1.656464117647058742e+02,1.666503294117647158e+02
2.319049764705882239e+02,7.629774117647058063e+01,6.023505882352940688e+01
5.220371764705882356e+01,7.328598823529411277e+01,9.436825882352941619e+01
4.618021176470588074e+01,2.047992000000000132e+02,1.134426941176470507e+02
1.556072352941176291e+02,8.934867058823529362e+01,1.827130117647058967e+02
5.220371764705882356e+01,1.525954823529411613e+02,2.198579647058823241e+02
1.495837294117647218e+02,1.656464117647058742e+02,1.666503294117647158e+02
2.319049764705882239e+02,7.629774117647058063e+01,6.023505882352940688e+01
5.220371764705882356e+01,7.328598823529411277e+01,9.436825882352941619e+01
4.618021176470588074e+01,2.047992000000000132e+02,1.134426941176470507e+02
1.556072352941176291e+02,8.934867058823529362e+01,1.827130117647058967e+02
5.220371764705882356e+01,1.525954823529411613e+02,2.198579647058823241e+02
1.495837294117647218e+02,1.656464117647058742e+02,1.666503294117647158e+02
2.319049764705882239e+02,7.629774117647058063e+01,6.023505882352940688e+01
5.220371764705882356e+01,7.328598823529411277e+01,9.436825882352941619e+01
4.618021176470588074e+01,2.047992000000000132e+02,1.134426941176470507e+02
1.556072352941176291e+02,8.934867058823529362e+01,1.827130117647058967e+02
5.220371764705882356e+01,1.525954823529411613e+02,2.198579647058823241e+02
1.495837294117647218e+02,1.656464117647058742e+02,1.666503294117647158e+02
2.319049764705882239e+02,7.629774117647058063e+01,6.023505882352940688e+01
5.220371764705882356e+01,7.328598823529411277e+01,9.436825882352941619e+01
4.618021176470588074e+01,2.047992000000000132e+02,1.134426941176470507e+02
1.556072352941176291e+02,8.934867058823529362e+01,1.827130117647058967e+02
5.220371764705882356e+01,1.525954823529411613e+02,2.198579647058823241e+02
1.495837294117647218e+02,1.656464117647058742e+02,1.666503294117647158e+02
2.319049764705882239e+02,7.629774117647058063e+01,6.023505882352940688e+01
5.220371764705882356e+01,7.328598823529411277e+01,9.436825882352941619e+01
4.618021176470588074e+01,2.047992000000000132e+02,1.134426941176470507e+02
1.556072352941176291e+02,8.934867058823529362e+01,1.827130117647058967e+02
5.220371764705882356e+01,1.525954823529411613e+02,2.198579647058823241e+02
1.495837294117647218e+02,1.656464117647058742e+02,1.666503294117647158e+02
2.319049764705882239e+02,7.629774117647058063e+01,6.023505882352940688e+01
5.220371764705882356e+01,7.328598823529411277e+01,9.436825882352941619e+01
4.618021176470588074e+01,2.047992000000000132e+02,1.134426941176470507e+02
1.556072352941176291e+02,8.934867058823529362e+01,1.827130117647058967e+02
5.220371764705882356e+01,1.525954823529411613e+02,2.198579647058823241e+02
1.495837294117647218e+02,1.656464117647058742e+02,1.666503294117647158e+02
2.319049764705882239e+02,7.629774117647058063e+01,6.023505882352940688e+01
5.220371764705882356e+01,7.328598823529411277e+01,9.436825882352941619e+01
4.618021176470588074e+01,2.047992000000000132e+02,1.134426941176470507e+02
1.556072352941176291e+02,8.934867058823529362e+01,1.827130117647058967e+02
5.220371764705882356e+01,1.525954823529411613e+02,2.198579647058823241e+02
1.495837294117647218e+02,1.656464117647058742e+02,1.666503294117647158e+02
2.319049764705882239e+02,7.629774117647058063e+01,6.023505882352940688e+01
5.220371764705882356e+01,7.328598823529411277e+01,9.436825882352941619e+01
4.618021176470588074e+01,2.047992000000000132e+02,1.134426941176470507e+02
1.556072352941176291e+02,8.934867058823529362e+01,1.827130117647058967e+02
5.220371764705882356e+01,1.525954823529411613e+02,2.198579647058823241e+02
1.495837294117647218e+02,1.656464117647058742e+02,1.666503294117647158e+02
2.319049764705882239e+02,7.629774117647058063e+01,6.023505882352940688e+01
5.220371764705882356e+01,7.328598823529411277e+01,9.436825882352941619e+01
4.618021176470588074e+01,2.047992000000000132e+02,1.134426941176470507e+02
1.556072352941176291e+02,8.934867058823529362e+01,1.827130117647058967e+02
5.220371764705882356e+01,1.525954823529411613e+02,2.198579647058823241e+02
1.495837294117647218e+02,1.656464117647058742e+02,1.666503294117647158e+02
2.319049764705882239e+02,7.629774117647058063e+01,6.023505882352940688e+01
5.220371764705882356e+01,7.328598823529411277e+01,9.436825882352941619e+01
4.618021176470588074e+01,2.047992000000000132e+02,1.134426941176470507e+02
1.556072352941176291e+02,8.934867058823529362e+01,1.827130117647058967e+02
5.220371764705882356e+01,1.525954823529411613e+02,2.198579647058823241e+02
1.495837294117647218e+02,1.656464117647058742e+02,1.666503294117647158e+02
2.319049764705882239e+02,7.629774117647058063e+01,6.023505882352940688e+01
5.220371764705882356e+01,7.328598823529411277e+01,9.436825882352941619e+01
4.618021176470588074e+01,2.047992000000000132e+02,1.134426941176470507e+02
1.556072352941176291e+02,8.934867058823529362e+01,1.827130117647058967e+02
5.220371764705882356e+01,1.525954823529411613e+02,2.198579647058823241e+02
1.495837294117647218e+02,1.656464117647058742e+02,1.666503294117647158e+02
2.319049764705882239e+02,7.629774117647058063e+01,6.023505882352940688e+01
5.220371764705882356e+01,7.328598823529411277e+01,9.436825882352941619e+01
4.618021176470588074e+01,2.047992000000000132e+02,1.134426941176470507e+02
1.556072352941176291e+02,8.934867058823529362e+01,1.827130117647058967e+02
5.220371764705882356e+01,1.525954823529411613e+02,2.198579647058823241e+02
1.495837294117647218e+02,1.656464117647058742e+02,1.666503294117647158e+02
2.319049764705882239e+02,7.629774117647058063e+01,6.023505882352940688e+01
5.220371764705882356e+01,7.328598823529411277e+01,9.436825882352941619e+01
4.618021176470588074e+01,2.047992000000000132e+02,1.134426941176470507e+02
1.556072352941176291e+02,8.934867058823529362e+01,1.827130117647058967e+02
5.220371764705882356e+01,1.525954823529411613e+02,2.198579647058823241e+02
1.495837294117647218e+02,1.656464117647058742e+02,1.666503294117647158e+02
2.319049764705882239e+02,7.629774117647058063e+01,6.023505882352940688e+01
5.220371764705882356e+01,7.328598823529411277e+01,9.436825882352941619e+01
4.618021176470588074e+01,2.047992000000000132e+02,1.134426941176470507e+02
1.556072352941176291e+02,8.934867058823529362e+01,1.827130117647058967e+02
5.220371764705882356e+01,1.525954823529411613e+02,2.198579647058823241e+02
1.495837294117647218e+02,1.656464117647058742e+02,1.666503294117647158e+02
2.319049764705882239e+02,7.629774117647058063e+01,6.023505882352940688e+01
5.220371764705882356e+01,7.328598823529411277e+01,9.436825882352941619e+01
4.618021176470588074e+01,2.047992000000000132e+02,1.134426941176470507e+02
1.556072352941176291e+02,8.934867058823529362e+01,1.827130117647058967e+02
5.220371764705882356e+01,1.525954823529411613e+02,2.198579647058823241e+02
1.495837294117647218e+02,1.656464117647058742e+02,1.666503294117647158e+02
2.319049764705882239e+02,7.629774117647058063e+01,6.023505882352940688e+01
5.220371764705882356e+01,7.328598823529411277e+01,9.436825882352941619e+01
4.618021176470588074e+01,2.047992000000000132e+02,1.134426941176470507e+02
1.556072352941176291e+02,8.934867058823529362e+01,1.827130117647058967e+02
5.220371764705882356e+01,1.525954823529411613e+02,2.198579647058823241e+02
1.495837294117647218e+02,1.656464117647058742e+02,1.666503294117647158e+02
2.319049764705882239e+02,7.629774117647058063e+01,6.023505882352940688e+01
5.220371764705882356e+01,7.328598823529411277e+01,9.436825882352941619e+01
4.618021176470588074e+01,2.047992000000000132e+02,1.134426941176470507e+02
1.556072352941176291e+02,8.934867058823529362e+01,1.827130117647058967e+02
5.220371764705882356e+01,1.525954823529411613e+02,2.198579647058823241e+02
1.495837294117647218e+02,1.656464117647058742e+02,1.666503294117647158e+02
2.319049764705882239e+02,7.629774117647058063e+01,6.023505882352940688e+01
5.220371764705882356e+01,7.328598823529411277e+01,9.436825882352941619e+01
4.618021176470588074e+01,2.047992000000000132e+02,1.134426941176470507e+02
1.556072352941176291e+02,8.934867058823529362e+01,1.827130117647058967e+02
5.220371764705882356e+01,1.525954823529411613e+02,2.198579647058823241e+02
1.495837294117647218e+02,1.656464117647058742e+02,1.666503294117647158e+02
2.319049764705882239e+02,7.629774117647058063e+01,6.023505882352940688e+01
5.220371764705882356e+01,7.328598823529411277e+01,9.436825882352941619e+01
4.618021176470588074e+01,2.047992000000000132e+02,1.134426941176470507e+02
1.556072352941176291e+02,8.934867058823529362e+01,1.827130117647058967e+02
5.220371764705882356e+01,1.525954823529411613e+02,2.198579647058823241e+02
1.495837294117647218e+02,1.656464117647058742e+02,1.666503294117647158e+02
2.319049764705882239e+02,7.629774117647058063e+01,6.023505882352940688e+01
5.220371764705882356e+01,7.328598823529411277e+01,9.436825882352941619e+01
4.618021176470588074e+01,2.047992000000000132e+02,1.134426941176470507e+02
1.556072352941176291e+02,8.934867058823529362e+01,1.827130117647058967e+02
5.220371764705882356e+01,1.525954823529411613e+02,2.198579647058823241e+02
1.495837294117647218e+02,1.656464117647058742e+02,1.666503294117647158e+02
2.319049764705882239e+02,7.629774117647058063e+01,6.023505882352940688e+01
5.220371764705882356e+01,7.328598823529411277e+01,9.436825882352941619e+01
4.618021176470588074e+01,2.047992000000000132e+02,1.134426941176470507e+02
1.556072352941176291e+02,8.934867058823529362e+01,1.827130117647058967e+02
5.220371764705882356e+01,1.525954823529411613e+02,2.198579647058823241e+02
1.495837294117647218e+02,1.656464117647058742e+02,1.666503294117647158e+02
2.319049764705882239e+02,7.629774117647058063e+01,6.023505882352940688e+01
5.220371764705882356e+01,7.328598823529411277e+01,9.436825882352941619e+01
4.618021176470588074e+01,2.047992000000000132e+02,1.134426941176470507e+02
1.556072352941176291e+02,8.934867058823529362e+01,1.827130117647058967e+02
5.220371764705882356e+01,1.525954823529411613e+02,2.198579647058823241e+02
1.495837294117647218e+02,1.656464117647058742e+02,1.666503294117647158e+02
2.319049764705882239e+02,7.629774117647058063e+01,6.023505882352940688e+01
5.220371764705882356e+01,7.328598823529411277e+01,9.436825882352941619e+01
4.618021176470588074e+01,2.047992000000000132e+02,1.134426941176470507e+02
1.556072352941176291e+02,8.934867058823529362e+01,1.827130117647058967e+02
5.220371764705882356e+01,1.525954823529411613e+02,2.198579647058823241e+02
1.495837294117647218e+02,1.656464117647058742e+02,1.666503294117647158e+02
2.319049764705882239e+02,7.629774117647058063e+01,6.023505882352940688e+01
5.220371764705882356e+01,7.328598823529411277e+01,9.436825882352941619e+01
4.618021176470588074e+01,2.047992000000000132e+02,1.134426941176470507e+02
1.556072352941176291e+02,8.934867058823529362e+01,1.827130117647058967e+02
5.220371764705882356e+01,1.525954823529411613e+02,2.198579647058823241e+02
1.495837294117647218e+02,1.656464117647058742e+02,1.666503294117647158e+02
2.319049764705882239e+02,7.629774117647058063e+01,6.023505882352940688e+01
5.220371764705882356e+01,7.328598823529411277e+01,9.436825882352941619e+01
4.618021176470588074e+01,2.047992000000000132e+02,1.134426941176470507e+02
1.556072352941176291e+02,8.934867058823529362e+01,1.827130117647058967e+02
5.220371764705882356e+01,1.525954823529411613e+02,2.198579647058823241e+02
1.495837294117647218e+02,1.656464117647058742e+02,1.666503294117647158e+02
2.319049764705882239e+02,7.629774117647058063e+01,6.023505882352940688e+01
5.220371764705882356e+01,7.328598823529411277e+01,9.436825882352941619e+01
4.618021176470588074e+01,2.047992000000000132e+02,1.134426941176470507e+02
1.556072352941176291e+02,8.934867058823529362e+01,1.827130117647058967e+02
5.220371764705882356e+01,1.525954823529411613e+02,2.198579647058823241e+02
1.495837294117647218e+02,1.656464117647058742e+02,1.666503294117647158e+02
2.319049764705882239e+02,7.629774117647058063e+01,6.023505882352940688e+01
5.220371764705882356e+01,7.328598823529411277e+01,9.436825882352941619e+01
4.618021176470588074e+01,2.047992000000000132e+02,1.134426941176470507e+02
1.556072352941176291e+02,8.934867058823529362e+01,1.827130117647058967e+02
5.220371764705882356e+01,1.525954823529411613e+02,2.198579647058823241e+02
1.495837294117647218e+02,1.656464117647058742e+02,1.666503294117647158e+02
2.319049764705882239e+02,7.629774117647058063e+01,6.023505882352940688e+01
5.220371764705882356e+01,7.328598823529411277e+01,9.436825882352941619e+01
4.618021176470588074e+01,2.047992000000000132e+02,1.134426941176470507e+02
1.556072352941176291e+02,8.934867058823529362e+01,1.827130117647058967e+02
5.220371764705882356e+01,1.525954823529411613e+02,2.198579647058823241e+02
1.495837294117647218e+02,1.656464117647058742e+02,1.666503294117647158e+02
2.319049764705882239e+02,7.629774117647058063e+01,6.023505882352940688e+01
5.220371764705882356e+01,7.328598823529411277e+01,9.436825882352941619e+01
4.618021176470588074e+01,2.047992000000000132e+02,1.134426941176470507e+02
1.556072352941176291e+02,8.934867058823529362e+01,1.827130117647058967e+02
5.220371764705882356e+01,1.525954823529411613e+02,2.198579647058823241e+02
1.495837294117647218e+02,1.656464117647058742e+02,1.666503294117647158e+02
2.319049764705882239e+02,7.629774117647058063e+01,6.023505882352940688e+01
5.220371764705882356e+01,7.328598823529411277e+01,9.436825882352941619e+01
4.618021176470588074e+01,2.047992000000000132e+02,1.134426941176470507e+02
1.556072352941176291e+02,8.934867058823529362e+01,1.827130117647058967e+02
5.220371764705882356e+01,1.525954823529411613e+02,2.198579647058823241e+02
1.495837294117647218e+02,1.656464117647058742e+02,1.666503294117647158e+02
2.319049764705882239e+02,7.629774117647058063e+01,6.023505882352940688e+01
5.220371764705882356e+01,7.328598823529411277e+01,9.436825882352941619e+01
4.618021176470588074e+01,2.047992000000000132e+02,1.134426941176470507e+02
1.556072352941176291e+02,8.934867058823529362e+01,1.827130117647058967e+02
5.220371764705882356e+01,1.525954823529411613e+02,2.198579647058823241e+02
1.495837294117647218e+02,1.656464117647058742e+02,1.666503294117647158e+02
2.319049764705882239e+02,7.629774117647058063e+01,6.023505882352940688e+01
5.220371764705882356e+01,7.328598823529411277e+01,9.436825882352941619e+01
4.618021176470588074e+01,2.047992000000000132e+02,1.134426941176470507e+02
1.556072352941176291e+02,8.934867058823529362e+01,1.827130117647058967e+02
5.220371764705882356e+01,1.525954823529411613e+02,2.198579647058823241e+02
1.495837294117647218e+02,1.656464117647058742e+02,1.666503294117647158e+02
2.319049764705882239e+02,7.629774117647058063e+01,6.023505882352940688e+01
