0.000000000000000000e+00,0.000000000000000000e+00,0.000000000000000000e+00
6.690414347608731882e-01,0.000000000000000000e+00,4.318498485248868235e+01
1.338082869521746376e+00,0.000000000000000000e+00,5.674565001952822030e+01
2.007124304282619676e+00,0.000000000000000000e+00,6.753394270391160603e+01
2.676165739043492753e+00,0.000000000000000000e+00,7.832223538829501308e+01
3.345207173804366274e+00,0.000000000000000000e+00,8.911052807267842013e+01
4.014248608565239351e+00,0.000000000000000000e+00,9.989882075706179876e+01
4.683290043326111984e+00,0.000000000000000000e+00,1.106871134414452058e+02
5.352331478086985506e+00,2.280268413801729288e+00,1.164143032236802497e+02
6.021372912847859027e+00,4.589400984740189315e+00,1.166346562759784433e+02
6.690414347608732548e+00,6.898533555678650231e+00,1.168166413474572352e+02
7.359455782369606069e+00,9.207666126617111146e+00,1.169986264189360270e+02
8.028497217130478703e+00,1.151679869755557206e+01,1.171806114904148188e+02
8.697538651891353112e+00,1.382593126849403120e+01,1.173625965618936107e+02
9.366580086652223969e+00,1.613506383943249389e+01,1.175445816333724025e+02
1.003562152141309838e+01,1.844419641037095303e+01,1.177265667048511943e+02
1.070466295617397101e+01,2.075332898130941572e+01,1.179085517763299720e+02
1.137370439093484542e+01,2.306246155224787486e+01,1.180905368478087638e+02
1.204274582569571805e+01,2.537159412318633400e+01,1.182725219192875556e+02
1.271178726045659069e+01,2.768072669412479669e+01,1.184545069907663475e+02
1.338082869521746510e+01,2.998985926506325583e+01,1.186364920622451393e+02
1.404987012997833595e+01,3.229899183600171853e+01,1.188184771337239312e+02
1.471891156473921214e+01,3.460812440694017766e+01,1.190004622052027230e+02
1.538795299950008300e+01,3.691725697787863680e+01,1.191824472766815006e+02
1.605699443426095741e+01,3.922638954881709594e+01,1.193644323481602925e+02
1.672603586902182826e+01,4.153552211975555508e+01,1.195464174196390843e+02
1.739507730378270622e+01,4.384465469069402133e+01,1.197284024911178761e+02
1.806411873854357353e+01,4.615378726163248047e+01,1.199103875625966680e+02
1.873316017330444794e+01,4.846269899499624501e+01,1.200923726340754740e+02
1.940220160806532235e+01,5.055099399124611637e+01,1.202743577055542517e+02
2.007124304282619676e+01,5.263928898749598773e+01,1.204563427770330435e+02
2.074028447758706761e+01,5.472758398374585198e+01,1.206383278485118353e+02
2.140932591234794202e+01,5.681587897999571624e+01,1.208203129199906272e+02
2.207836734710880933e+01,5.890417397624556628e+01,1.210022979914694190e+02
2.274740878186969084e+01,6.099246897249544475e+01,1.211842830629482108e+02
2.341645021663056170e+01,6.308076396874530900e+01,1.213662681344270027e+02
2.408549165139143611e+01,6.516905896499517326e+01,1.215482532059057803e+02
2.475453308615229986e+01,6.725735396124501619e+01,1.217302382773845721e+02
2.542357452091318137e+01,6.934564895749490177e+01,1.219122233488633640e+02
2.609261595567405578e+01,7.143394395374477313e+01,1.220942084203421558e+02
2.676165739043493019e+01,7.352223894999464449e+01,1.222761934918209477e+02
2.743069882519579394e+01,7.561053394624448742e+01,1.224581785632997395e+02
2.809974025995667191e+01,7.769851259381738373e+01,1.226401636347785313e+02
2.876878169471754987e+01,7.957590847207588070e+01,1.228221487062573090e+02
2.943782312947842428e+01,8.145330435033437766e+01,1.230041337777361008e+02
3.010686456423928803e+01,8.333070022859286041e+01,1.231861188492148926e+02
3.077590599900016599e+01,8.520809610685135738e+01,1.233681039206936845e+02
3.144494743376103685e+01,8.708549198510985434e+01,1.235500889921724905e+02
3.211398886852191481e+01,8.896288786336836552e+01,1.237320740636512824e+02
3.278303030328278567e+01,9.084028374162683406e+01,1.239140591351300600e+02
3.345207173804365652e+01,9.271767961988534523e+01,1.240960442066088518e+02
3.412111317280452738e+01,9.459507549814385641e+01,1.242780292780876437e+02
3.479015460756541245e+01,9.647247137640233916e+01,1.244600143495664355e+02
3.545919604232627620e+01,9.834666872568992346e+01,1.246419994210452273e+02
3.612823747708714706e+01,9.993328924295852289e+01,1.248239844925240192e+02
3.679727891184802502e+01,1.015199097602270797e+02,1.250059695640028110e+02
3.746632034660889587e+01,1.031065302774956649e+02,1.251879546354816028e+02
3.813536178136976673e+01,1.046931507947642075e+02,1.253699397069603805e+02
3.880440321613064469e+01,1.062797713120328069e+02,1.255519247784391723e+02
3.947344465089151555e+01,1.078663918293013637e+02,1.257339098499179642e+02
4.014248608565239351e+01,1.094530123465699347e+02,1.259158949213967560e+02
4.081152752041325726e+01,1.110396328638384915e+02,1.260978799928755478e+02
4.148056895517413523e+01,1.126262533811070767e+02,1.262798650643543397e+02
4.214961038993501319e+01,1.142128738983756477e+02,1.264618501358331173e+02
4.281865182469588405e+01,1.157994944156442045e+02,1.266438352073119091e+02
4.348769325945675490e+01,1.173861149329127898e+02,1.268258202787907010e+02
4.415673469421761865e+01,1.189727354501813323e+02,1.270078053502694928e+02
4.482577612897850372e+01,1.205593559674499318e+02,1.271897904217482989e+02
4.549481756373938168e+01,1.221459764847184886e+02,1.273717754932270907e+02
4.616385899850024543e+01,1.237325970019870738e+02,1.275537605647058825e+02
4.683290043326112340e+01,1.253192175192556306e+02,1.277357456361846602e+02
4.750194186802200136e+01,1.269058380365242016e+02,1.279177307076634520e+02
4.817098330278287222e+01,1.284924585537927726e+02,1.280997157791422580e+02
4.864683287061490802e+01,1.290824870739130290e+02,1.268877595277137544e+02
4.912033597852473576e+01,1.296604112377926299e+02,1.256588728148734617e+02
4.959383908643457772e+01,1.302383354016722308e+02,1.244299861020331264e+02
5.006734219434439837e+01,1.308162595655518317e+02,1.232010993891928052e+02
5.054084530225423322e+01,1.313941837294314325e+02,1.219722126763524841e+02
5.101434841016406807e+01,1.319721078933110334e+02,1.207433259635121630e+02
5.148785151807388871e+01,1.325500320571906343e+02,1.195144392506718418e+02
5.196135462598372357e+01,1.331279562210702352e+02,1.182855525378315349e+02
5.243485773389355842e+01,1.337058803849498361e+02,1.170566658249912138e+02
5.290836084180338617e+01,1.342838045488294085e+02,1.158277791121509068e+02
5.338186394971321391e+01,1.348617287127090378e+02,1.145988923993105715e+02
5.385536705762304877e+01,1.354396528765886387e+02,1.133700056864702645e+02
5.432887016553288362e+01,1.360175770404682396e+02,1.121411189736299434e+02
5.480237327344270426e+01,1.365955012043478405e+02,1.109122322607896223e+02
5.527587638135253911e+01,1.371734253682274129e+02,1.096833455479493011e+02
5.574937948926237397e+01,1.377513495321070423e+02,1.084544588351089942e+02
5.622288259717219461e+01,1.383292736959866147e+02,1.072255721222686731e+02
5.669638570508202235e+01,1.389071978598662156e+02,1.059966854094283661e+02
5.716988881299186431e+01,1.394851220237458165e+02,1.047677986965880308e+02
5.764339192090169206e+01,1.400630461876254458e+02,1.035389119837477097e+02
5.811689502881151981e+01,1.406409703515050182e+02,1.023100252709074027e+02
5.859039813672135466e+01,1.412188945153846191e+02,1.010811385580670816e+02
5.906390124463118241e+01,1.417968186792642200e+02,9.985225184522676045e+01
5.953740435254101016e+01,1.423747428431438209e+02,9.862336513238643931e+01
6.001090746045084501e+01,1.429526670070234218e+02,9.739447841954613239e+01
6.048441056836067276e+01,1.435305911709029942e+02,9.616559170670582546e+01
6.095791367627050050e+01,1.441085153347826235e+02,9.493670499386549011e+01
6.143141678418033536e+01,1.446864394986621960e+02,9.370781828102516897e+01
6.190491989209017021e+01,1.452643636625418253e+02,9.247893156818484783e+01
6.237842299999999085e+01,1.458422878264213978e+02,9.125004485534452670e+01
6.285192610790982570e+01,1.464202119903010271e+02,9.002115814250421977e+01
6.332542921581966056e+01,1.469981361541805995e+02,8.879227142966389863e+01
6.379893232372948120e+01,1.475760603180602288e+02,8.756338471682359170e+01
6.427243543163930894e+01,1.481539844819398013e+02,8.633449800398328478e+01
6.474593853954914380e+01,1.487319086458194306e+02,8.510561129114294943e+01
6.521944164745897865e+01,1.493098328096990031e+02,8.387672457830262829e+01
6.569294475536881350e+01,1.498877569735786039e+02,8.264783786546230715e+01
6.616644786327863414e+01,1.504656811374582048e+02,8.141895115262198601e+01
6.663995097118846900e+01,1.510436053013378057e+02,8.019006443978166487e+01
6.711345407909828964e+01,1.516215294652174066e+02,7.896117772694135795e+01
6.758695718700812449e+01,1.521994536290969791e+02,7.773229101410103681e+01
6.806046029491795935e+01,1.527773777929766084e+02,7.650340430126072988e+01
6.853396340282779420e+01,1.533553019568561808e+02,7.527451758842040874e+01
6.900746651073761484e+01,1.539332261207358101e+02,7.404563087558008760e+01
6.949151787859658214e+01,1.545111502846153826e+02,7.281674416273976647e+01
7.172306431136036053e+01,1.550890744484950119e+02,7.158785744989944533e+01
7.395461074412415314e+01,1.556669986123745844e+02,7.035897073705912419e+01
7.618615717688794575e+01,1.562449227762542137e+02,7.092874286148709473e+01
7.841770360965175257e+01,1.568228469401337861e+02,7.151393465320377629e+01
8.064925004241550255e+01,1.574007711040133870e+02,7.209912644492045786e+01
8.288079647517932358e+01,1.579786952678929879e+02,7.268431823663715363e+01
8.511234290794311619e+01,1.585566194317725888e+02,7.326951002835383520e+01
8.734388934070690880e+01,1.591345435956521897e+02,7.385470182007051676e+01
8.957543577347071562e+01,1.597124677595317905e+02,7.443989361178721254e+01
9.180698220623450823e+01,1.602903919234113914e+02,7.502508540350389410e+01
9.403852863899828662e+01,1.608683160872909923e+02,7.561027719522058987e+01
9.627007507176207923e+01,1.614462402511705932e+02,7.619546898693727144e+01
9.850162150452587184e+01,1.620241644150501941e+02,7.678066077865395300e+01
1.007331679372896787e+02,1.626020885789297949e+02,7.736585257037063457e+01
1.029647143700534002e+02,1.631800127428093674e+02,7.795104436208731613e+01
1.051962608028172497e+02,1.637579369066889683e+02,7.853623615380401191e+01
1.074278072355810565e+02,1.641995308219688070e+02,7.912142794552069347e+01
1.096593536683448349e+02,1.646400252997599125e+02,7.970661973723738924e+01
1.118909001011086417e+02,1.650805197775510464e+02,8.029181152895407081e+01
1.141224465338724343e+02,1.655210142553421520e+02,8.087700332067076658e+01
1.163539929666362127e+02,1.659615087331332859e+02,8.146219511238744815e+01
1.185855393994000053e+02,1.664020032109243914e+02,8.204738690410412971e+01
1.208142053673114873e+02,1.668424976887154969e+02,8.236481255196733287e+01
1.224696588296091448e+02,1.672829921665066024e+02,8.268210424978357764e+01
1.241251122919068166e+02,1.677234866442977363e+02,8.299939594759983663e+01
1.257805657542044884e+02,1.681639811220888419e+02,8.331668764541608141e+01
1.274360192165021601e+02,1.686044755998799758e+02,8.363397934323234040e+01
1.290914726787998461e+02,1.690449700776710813e+02,8.395127104104858518e+01
1.307469261410975037e+02,1.694854645554621868e+02,8.426856273886484416e+01
1.324023796033951896e+02,1.699259590332533207e+02,8.458585443668110315e+01
1.340578330656928188e+02,1.703664535110443978e+02,8.490314613449733372e+01
1.357132865279905047e+02,1.708069479888355602e+02,8.522043783231359271e+01
1.373687399902881907e+02,1.712474424666266373e+02,8.553772953012983749e+01
1.390241934525858483e+02,1.716879369444177712e+02,8.585502122794609647e+01
1.406796469148835342e+02,1.721284314222088767e+02,8.617231292576234125e+01
1.423351003771812202e+02,1.725689259000000106e+02,8.648960462357860024e+01
1.439905538394788778e+02,1.730094203777911162e+02,8.680689632139484502e+01
1.456460073017765637e+02,1.734499148555822501e+02,8.712418801921108980e+01
1.473014607640742213e+02,1.738904093333733556e+02,8.744147971702733457e+01
1.489569142263718788e+02,1.743309038111644895e+02,8.775877141484359356e+01
1.506123676886695648e+02,1.747713982889555950e+02,8.807606311265983834e+01
1.522678211509672508e+02,1.752118927667467005e+02,8.839335481047609733e+01
1.539232746132649083e+02,1.756523872445378061e+02,8.871064650829234211e+01
1.555787280755625943e+02,1.760928817223289400e+02,8.902793820610860109e+01
1.572341815378602803e+02,1.765333762001200455e+02,8.934522990392484587e+01
1.588896350001579094e+02,1.769738706779111794e+02,8.966252160174109065e+01
1.605450884624555385e+02,1.774143651557022565e+02,8.997981329955733543e+01
1.622005419247532814e+02,1.778548596334933904e+02,9.029710499737359441e+01
1.638559953870509389e+02,1.782953541112845244e+02,9.061439669518983919e+01
1.655114488493486249e+02,1.787358485890756299e+02,9.093168839300609818e+01
1.671669023116463109e+02,1.791763430668667354e+02,9.124898009082235717e+01
1.688223557739439400e+02,1.796168375446578409e+02,9.156627178863860195e+01
1.704778092362416260e+02,1.800573320224489748e+02,9.188356348645486094e+01
1.721332626985393119e+02,1.804978265002400803e+02,9.220085518427109150e+01
1.737887161608369695e+02,1.809383209780312143e+02,9.251814688208735049e+01
1.754441696231346555e+02,1.813788154558223198e+02,9.283543857990359527e+01
1.770996230854323414e+02,1.818193099336134537e+02,9.315273027771985426e+01
1.787550765477299990e+02,1.822598044114045592e+02,9.347002197553609903e+01
1.804105300100276565e+02,1.827002988891956932e+02,9.378731367335235802e+01
1.820659834723253425e+02,1.831407933669867987e+02,9.410460537116860280e+01
1.837090783750880405e+02,1.835682127021390215e+02,9.442189706898484758e+01
1.841286758838919866e+02,1.827011929160427428e+02,9.473918876680109236e+01
1.845482733926959611e+02,1.818341731299465209e+02,9.505648046461735134e+01
1.849678709014999356e+02,1.809671533438502422e+02,9.537377216243359612e+01
1.853874684103039101e+02,1.801001335577539919e+02,9.569106386024985511e+01
1.858070659191078562e+02,1.792331137716577132e+02,9.600835555806609989e+01
1.862266634279118307e+02,1.783660939855614913e+02,9.632564725588235888e+01
1.866462609367158052e+02,1.774990741994652126e+02,9.664293895369858944e+01
1.870658584455197513e+02,1.766320544133689623e+02,9.696023065151486264e+01
1.874854559543237258e+02,1.757650346272727120e+02,9.727752234933109321e+01
1.879050534631277003e+02,1.748980148411764617e+02,9.759481404714735220e+01
1.883246509719316464e+02,1.740309950550801830e+02,9.791210574496359698e+01
1.887442484807356209e+02,1.731639752689839611e+02,9.822939744277985596e+01
1.891638459895395670e+02,1.722969554828876824e+02,9.854668914059611495e+01
1.895834434983435415e+02,1.714299356967914321e+02,9.886398083841234552e+01
1.900030410071475160e+02,1.705629159106951818e+02,9.918127253622861872e+01
1.904226385159514621e+02,1.696958961245989315e+02,9.949856423404484929e+01
1.908422360247554366e+02,1.688288763385026527e+02,9.981585593186110827e+01
1.912618335335594111e+02,1.679618565524064309e+02,1.001331476296773531e+02
1.916814310423633572e+02,1.670948367663101521e+02,1.004504393274936120e+02
1.921010285511673317e+02,1.662278169802139018e+02,1.007677310253098568e+02
1.925206260599712778e+02,1.653607971941176515e+02,1.010850227231261158e+02
1.929402235687752807e+02,1.644937774080214012e+02,1.014098121738133642e+02
1.933661507095150398e+02,1.636393043108823520e+02,1.038693189776277706e+02
1.944890406556351365e+02,1.641663610755882416e+02,1.063288257814422053e+02
1.956119306017552617e+02,1.646049501717948829e+02,1.087883325852566259e+02
1.967348205478753300e+02,1.650425553000000036e+02,1.112478393890710464e+02
1.978577104939954268e+02,1.654801604282051244e+02,1.137073461928854670e+02
1.989806004401155235e+02,1.659224573481012612e+02,1.161668529966998875e+02
2.001034903862355918e+02,1.667865889936708754e+02,1.186263598005143223e+02
2.012263803323556886e+02,1.676507206392404896e+02,1.210858666043287428e+02
2.023492702784757853e+02,1.685207618439215764e+02,1.235453734081431492e+02
2.034721602245958820e+02,1.693908238047058887e+02,1.260048802119575697e+02
2.045950501707159503e+02,1.702608857654902010e+02,1.284643870157720187e+02
2.057179401168360187e+02,1.711309477262744849e+02,1.309238938195863398e+02
2.068408300629561438e+02,1.720010096870588541e+02,1.333834006234008598e+02
2.079637200090762690e+02,1.728710716478431380e+02,1.358429074272152661e+02
2.090866099551963373e+02,1.737411336086274787e+02,1.383024142310297009e+02
2.102094999013164340e+02,1.746111955694117626e+02,1.407619210348441072e+02
2.113323898474365308e+02,1.754812575301961033e+02,1.432214278386585136e+02
2.124552797935565991e+02,1.763513194909803872e+02,1.456809346424729767e+02
2.135781697396766958e+02,1.772213814517647279e+02,1.481404414462873831e+02
2.147010596857967926e+02,1.780914434125490118e+02,1.505999482501017894e+02
2.158239496319168893e+02,1.789615053733333525e+02,1.530594550539162242e+02
2.169468395780369576e+02,1.803981707316742131e+02,1.555189618577306589e+02
2.180697295241570544e+02,1.818396796586746120e+02,1.579784686615450937e+02
2.191926194702771511e+02,1.832756631285182607e+02,1.604379754653595000e+02
2.203155094163972478e+02,1.847116465983618809e+02,1.628974822691739064e+02
2.214383993625173446e+02,1.860895214509803850e+02,1.653569890729883411e+02
2.225612893086374413e+02,1.874666905309200615e+02,1.678164958768027475e+02
2.236841792547574812e+02,1.888438596108596528e+02,1.702785517773203878e+02
2.248070692008776064e+02,1.902268938150871236e+02,1.733045245151974996e+02
2.259299591469977031e+02,1.921905753238017098e+02,1.763304972530744976e+02
2.270528490931177998e+02,1.941542568325162961e+02,1.793564699909515241e+02
2.281757390392378682e+02,1.961179383412309392e+02,1.823824427288285221e+02
2.292986289853579649e+02,1.980816198499455254e+02,1.854084154667055486e+02
2.304215189314780616e+02,2.000453013586601116e+02,1.884343882045826035e+02
2.315444088775981584e+02,2.020089828673746979e+02,1.914603609424596300e+02
2.326672988237182835e+02,2.039726643760893126e+02,1.944863336803366280e+02
2.337901887698383518e+02,2.059363458848039272e+02,1.975123064182136545e+02
2.349130787159584486e+02,2.079000273935185135e+02,2.005382791560906526e+02
2.360359686620785169e+02,2.098637089022330997e+02,2.035642518939676791e+02
2.371588586081986136e+02,2.118273904109477144e+02,2.065902246318447055e+02
2.382817485543187104e+02,2.141273374097040119e+02,2.096161973697217036e+02
2.394046385004388071e+02,2.164293141800299622e+02,2.126421701075987301e+02
2.405275284465589039e+02,2.187312909503559410e+02,2.156681428454757565e+02
2.416504183926789437e+02,2.210332677206818346e+02,2.186941155833526977e+02
2.427733083387990689e+02,2.233626090349170283e+02,2.217200883212298095e+02
2.438961982849191372e+02,2.256931161347883119e+02,2.247460610591068075e+02
2.450190882310392624e+02,2.286249393269951327e+02,2.277720337969838340e+02
2.461419781771593591e+02,2.315567625192019534e+02,2.307980065348608321e+02
2.472648681232794559e+02,2.344885857114087742e+02,2.338239792727378585e+02
2.483877580693995242e+02,2.374204089036156233e+02,2.368499520106148850e+02
2.495106480155196209e+02,2.403522320958224157e+02,2.398759247484919115e+02
2.506335379616397177e+02,2.432840552880292648e+02,2.429018974863689095e+02
2.517564279077597860e+02,2.462158784802361140e+02,2.459278702242459360e+02
2.528793178538798827e+02,2.491477016724429063e+02,2.489538429621229625e+02
2.540022077999999794e+02,2.519798156999999890e+02,2.519798156999999890e+02
