2.477552073811904734e+02,1.129658461088827437e+02,1.371669049591872351e+02
2.478046175773573623e+02,1.133329828663488854e+02,1.339507574528662985e+02
2.478543107633876161e+02,1.137008318046520117e+02,1.306134781492332024e+02
2.479043494933977172e+02,1.140698447588751208e+02,1.271394618700461336e+02
2.479547980297395213e+02,1.144404792811664606e+02,1.235104727768966342e+02
2.480057226835133122e+02,1.148132009497492163e+02,1.197049483083721668e+02
2.480571921771816619e+02,1.151884857633790915e+02,1.156970517067798454e+02
2.481092780336439318e+02,1.155668226480423471e+02,1.114553517578414699e+02
2.481620549966395686e+02,1.159487161047926804e+02,1.069409324124011960e+02
2.482156014879663815e+02,1.163346890303192396e+02,1.021045982666551168e+02
2.482700001077383263e+02,1.167252857452032515e+02,9.688258279567222075e+01
2.483253381848034849e+02,1.171210752689487720e+02,9.118964362404258850e+01
2.483817083855111321e+02,1.175226548859074285e+02,8.490729110815033209e+01
2.484392093903050807e+02,1.179306540523048312e+02,7.786216701095592896e+01
2.484979466491666358e+02,1.183457387019298750e+02,6.978215825533352756e+01
2.485580332287927661e+02,1.187686160169112384e+02,6.019370140166309824e+01
2.480225223682410274e+02,1.195793638264589021e+02,5.031511743707715567e+01
2.445235574577200452e+02,1.221900896498794253e+02,5.027844361010719609e+01
2.412146757391830079e+02,1.245527500257038298e+02,5.024436905537195486e+01
2.380759300182357663e+02,1.267050126045687080e+02,5.021259010924450195e+01
2.350899790993201748e+02,1.286771175180113858e+02,5.018284786525041596e+01
2.322416605844612150e+02,1.304936718782777518e+02,5.015492017690137061e+01
2.295176454588981301e+02,1.321749366148584670e+02,5.012861531405501125e+01
2.269061565584824791e+02,1.337377688125440613e+02,5.010376688705907355e+01
2.243967373835346564e+02,1.351963244749083515e+02,5.008022975244654162e+01
2.219800609226799111e+02,1.365625910876520948e+02,5.005787668549525904e+01
2.196477705179949851e+02,1.378467969779784141e+02,5.003659565698492173e+01
2.173923465736949936e+02,1.390577299940809439e+02,5.001628758976200828e+01
2.152069942478486553e+02,1.402029884443151104e+02,4.999686449912426411e+01
2.130855482855222647e+02,1.412891807522952377e+02,4.997824794237813251e+01
2.110223919346275636e+02,1.423220858147390402e+02,4.996036771903734319e+01
2.090123874919963498e+02,1.433067829147722705e+02,4.994316077546319121e+01
2.070508165001101304e+02,1.442477578114463483e+02,4.992657027719488383e+01
2.051333279863230530e+02,1.451489900142163947e+02,4.991054481958906308e+01
2.032558934299618727e+02,1.460140250718146149e+02,4.989503775308558176e+01
2.014147673760421924e+02,1.468460348319420348e+02,4.988000660395001518e+01
1.996064528008313061e+02,1.476478679748770162e+02,4.986541257486545220e+01
1.978276704842295430e+02,1.484220926302307078e+02,4.985122011261717034e+01
1.960753317646677090e+02,1.491710325092593052e+02,4.983739653234277256e+01
1.943465141498664934e+02,1.498967976951213075e+02,4.982391168966275075e+01
1.926384393359658986e+02,1.506013110084472544e+02,4.981073769346369318e+01
1.909484532517735715e+02,1.512863306896750260e+02,4.979784865331245669e+01
1.892740077969728816e+02,1.519534700011109294e+02,4.978522045644388072e+01
1.876126439852341150e+02,1.526042142419197205e+02,4.977283057006489742e+01
1.859619762369665921e+02,1.532399355817304354e+02,4.976065786537893132e+01
1.843196775932437674e+02,1.538619060483533474e+02,4.974868246026759522e+01
1.826834656432174882e+02,1.544713089485103694e+02,4.973688557801572330e+01
1.810510889728645054e+02,1.550692489546185584e+02,4.972524941984448787e+01
1.794203139537083587e+02,1.556567610533348898e+02,4.971375704931050876e+01
1.777889116965882295e+02,1.562348185210512668e+02,4.970239228691013267e+01
1.761546449977867610e+02,1.568043400664903686e+02,4.969113961341040664e+01
1.745152551028986920e+02,1.573661962599428534e+02,4.967998408063134974e+01
1.728684481075896997e+02,1.579212153516804449e+02,4.966891122855096796e+01
1.712118808035466202e+02,1.584701885680186990e+02,4.965790700770115507e+01
1.695431457619374953e+02,1.590138749618709539e+02,4.964695770596181745e+01
1.678597554248603103e+02,1.595530058850119985e+02,4.963604987890971643e+01
1.661591249465287774e+02,1.600882891413266407e+02,4.962517028295562227e+01
1.644385534889549092e+02,1.606204128737901726e+02,4.961430581056489331e+01
1.626952036298223447e+02,1.611500492326005087e+02,4.960344342686766339e+01
1.609260784806768072e+02,1.616778578675907454e+02,4.959257010702037149e+01
1.591279960383109255e+02,1.622044892846604682e+02,4.958167277365910763e+01
1.572975601970406103e+02,1.627305881033770163e+02,4.957073823382941669e+01
1.554311277288154542e+02,1.632567962510309769e+02,4.955975311471828348e+01
1.535247703841692157e+02,1.637837561272335734e+02,4.954870379753941734e+01
1.515742310696233801e+02,1.643121137725813981e+02,4.953757634885720051e+01
1.495748728022282990e+02,1.648425220749662117e+02,4.952635644860689013e+01
1.475216188100475279e+02,1.653756440477792466e+02,4.951502931399841145e+01
1.454088817114308370e+02,1.659121562155687286e+02,4.950357961842381371e+01
1.432304791275268769e+02,1.664527521446852063e+02,4.949199140438368261e+01
1.409795323067102686e+02,1.669981461591646905e+02,4.948024798934543611e+01
1.386483432866099292e+02,1.675490772856106219e+02,4.946833186329268983e+01
1.362282446713459763e+02,1.681063134752692747e+02,4.945622457657266580e+01
1.337094140814794514e+02,1.686706561569640712e+02,4.944390661643383567e+01
1.310806424713667298e+02,1.692429451812434422e+02,4.943135727040926497e+01
1.283290413805678725e+02,1.698240642242128047e+02,4.941855447440988058e+01
1.254396681180653843e+02,1.704149467293263456e+02,4.940547464304648173e+01
1.223950387660273833e+02,1.710165824772471126e+02,4.939209247926649482e+01
1.191744848752500729e+02,1.716300248881491655e+02,4.937838075989385800e+01
1.157532875804625263e+02,1.722563991780557728e+02,4.936431009303998252e+01
1.121014867870067206e+02,1.728969115116277067e+02,4.934984864260463411e+01
1.081822022055954307e+02,1.735528593190473714e+02,4.933496181417329041e+01
1.039491960316527894e+02,1.742256429753191185e+02,4.931961189550044367e+01
9.934320987657788748e+01,1.749167790777209461e+02,4.930375764338858602e+01
9.428622383854873590e+01,1.756279156029625028e+02,4.928735380708300795e+01
8.867198136389461638e+01,1.763608492819494131e+02,4.927035057618059710e+01
8.234929150905692552e+01,1.771175455996682899e+02,4.925269293842872997e+01
7.508995938722054575e+01,1.779001619141353956e+02,4.923431992947804758e+01
6.651943682532147761e+01,1.787110742962267977e+02,4.921516375248530295e+01
5.593792859226936542e+01,1.795529088276030905e+02,4.919514874016391559e+01
4.931373379947510927e+01,1.798521570439282584e+02,5.554452196854996515e+01
4.953977154761402346e+01,1.795534170990842711e+02,6.619867406781763464e+01
4.975166470267286201e+01,1.792714270802450187e+02,7.468257673993166179e+01
4.995093721164747791e+01,1.790045043540976621e+02,8.176786963619146320e+01
5.013890689928771138e+01,1.787511760518246149e+02,8.786226150054255868e+01
5.031671955914055161e+01,1.785101468983672817e+02,9.321220015669099723e+01
5.048537649867948574e+01,1.782802727635160522e+02,9.798003245468059674e+01
5.064575696321254128e+01,1.780605387795171168e+02,1.022793070284754293e+02
5.079863651905554889e+01,1.778500411289460033e+02,1.061930297047700549e+02
5.094470222322853914e+01,1.776479718020521261e+02,1.097839742509655849e+02
5.108456521868568956e+01,1.774536057715288564e+02,1.131009087787338814e+02
5.121877125276624554e+01,1.772662901467850816e+02,1.161825586132953418e+02
5.134780950952113443e+01,1.770854349580237681e+02,1.190602378097076013e+02
5.147212006478174118e+01,1.769105052891302421e+02,1.217596587830415871e+02
5.159210020986636636e+01,1.767410145322369317e+02,1.243022137786877863e+02
5.170810984095495400e+01,1.765765185793217142e+02,1.267059052482563430e+02
5.182047607298578384e+01,1.764166107999342330e+02,1.289860359820463884e+02
5.192949720689277626e+01,1.762609176810745168e+02,1.311557306855498268e+02
5.203544615523092887e+01,1.761090950268659014e+02,1.332263366858711322e+02
5.213857341230743003e+01,1.759608246331076487e+02,1.352077362819446193e+02
5.223910963978057964e+01,1.758158113659308981e+02,1.371085933971808117e+02
5.233726792648258197e+01,1.756737805852995677e+02,1.389365506351907129e+02
5.243324577135597053e+01,1.755344758635142171e+02,1.406983883803681579e+02
5.252722683036792972e+01,1.753976569566095236e+02,1.424001544943061788e+02
5.261938246171688860e+01,1.752630979929087971e+02,1.440472709788105590e+02
5.270987309827490463e+01,1.751305858482639906e+02,1.456446224138707350e+02
5.279884947180051569e+01,1.749999186818756698e+02,1.471966298430407392e+02
5.288645370980093219e+01,1.748709046102146090e+02,1.487073129419081283e+02
5.297282032291068532e+01,1.747433604995828773e+02,1.501803426814349507e+02
5.305807709814926909e+01,1.746171108603652158e+02,1.516190862276147300e+02
5.314234591133594421e+01,1.744919868281139372e+02,1.530266454606701529e+02
5.322574347020965746e+01,1.743678252183471216e+02,1.544058902216349907e+02
5.330838199836098568e+01,1.742444676433806592e+02,1.557594871806327887e+02
5.339036986888481096e+01,1.741217596806975791e+02,1.570899250542828440e+02
5.347181219567042376e+01,1.739995500833241806e+02,1.583995367683077973e+02
5.355281138943480812e+01,1.738776900234518905e+02,1.596905190573542370e+02
5.363346768492829142e+01,1.737560323611501758e+02,1.609649499111331750e+02
5.371387964521917979e+01,1.736344309304611500e+02,1.622248042096150300e+02
5.379414464853842048e+01,1.735127398354782429e+02,1.634719678366835183e+02
5.387435936285088189e+01,1.733908127491847040e+02,1.647082505186813819e+02
5.395462021310446232e+01,1.732685022078789530e+02,1.659353975996268389e+02
5.403502384597297947e+01,1.731456588939333585e+02,1.671551009369567851e+02
5.411566759686804318e+01,1.730221308994294418e+02,1.683690090792447904e+02
5.419664996403432156e+01,1.728977629628696491e+02,1.695787368694974191e+02
5.427807109466545654e+01,1.727723956706854267e+02,1.707858746036353921e+02
5.436003328819571578e+01,1.726458646146183753e+02,1.719919968630453013e+02
5.444264152223148301e+01,1.725179994952391098e+02,1.731986711322425947e+02
5.452600400699540018e+01,1.723886231608540811e+02,1.744074663073997442e+02
5.461023277468792259e+01,1.722575505698123095e+02,1.756199611985676086e+02
5.469544431082750435e+01,1.721245876627187386e+02,1.768377531277274954e+02
5.478176023543724682e+01,1.719895301292464751e+02,1.780624667263192293e+02
5.486930804292524044e+01,1.718521620520581905e+02,1.792957630396177819e+02
5.495822191069192542e+01,1.717122544077242310e+02,1.805393490513972665e+02
5.504864358792559642e+01,1.715695634013774793e+02,1.817949877509063299e+02
5.514072337774974386e+01,1.714238286080593241e+02,1.830645088755616428e+02
5.523462122796149742e+01,1.712747708891512275e+02,1.843498204773198097e+02
5.533050794805744488e+01,1.711220900467843364e+02,1.856529214789169941e+02
5.542856657324018954e+01,1.709654621724545791e+02,1.869759154087022353e+02
5.552899389969209665e+01,1.708045366379791403e+02,1.883210255304554153e+02
5.563200221976957494e+01,1.706389326670624200e+02,1.896906116184194673e+02
5.573782129106593430e+01,1.704682354136649849e+02,1.910871886690966335e+02
5.584670057975730373e+01,1.702919914585228298e+02,1.925134478918414800e+02
5.595891182655811491e+01,1.701097036168348211e+02,1.939722803820520483e+02
5.607475199333027405e+01,1.699208249273870877e+02,1.954668039565355286e+02
5.619454666042982893e+01,1.697247516650061527e+02,1.970003937238810749e+02
5.631865395976898725e+01,1.695208151826427923e+02,1.985767170779090236e+02
5.644746914720805364e+01,1.693082723444819635e+02,2.001997739452859548e+02
5.658142994123931402e+01,1.690862942544797534e+02,2.018739432967918219e+02
5.672102278442120848e+01,1.688539529118994551e+02,2.036040371554426542e+02
5.686679022146805806e+01,1.686102053317310663e+02,2.053953636168664616e+02
5.701933963577096165e+01,1.683538745464638566e+02,2.072538007555230024e+02
5.717935364776695195e+01,1.680836267471110261e+02,2.091858837480498607e+02
5.734760255849520405e+01,1.677979436125796155e+02,2.111989081340617247e+02
5.752495932614624508e+01,1.674950885990892573e+02,2.133010528985965948e+02
5.771241770111315361e+01,1.671730655893875905e+02,2.155015280590843076e+02
5.791111432813248427e+01,1.668295677977126275e+02,2.178107527567909472e+02
5.812235586990276204e+01,1.664619141367262500e+02,2.202405716059028293e+02
5.834765253988241795e+01,1.660669692973981739e+02,2.228045194105915812e+02
5.858875988893613851e+01,1.656410424532859622e+02,2.255181475637496646e+02
5.884773132436266252e+01,1.651797575968028866e+02,2.283994298449150335e+02
5.912698473026864576e+01,1.646778857693938392e+02,2.314692714650959431e+02
5.942938782629539674e+01,1.641291254244517859e+02,2.347521538555765801e+02
5.975836873453845755e+01,1.635258111637841409e+02,2.382769600821690403e+02
6.011806091687203946e+01,1.628585219739515537e+02,2.420780437850724240e+02
6.265302282639195397e+01,1.620552161931217654e+02,2.454237788517117167e+02
7.343874869229162528e+01,1.609492839220064297e+02,2.454176460386610188e+02
8.249986394252265143e+01,1.598498443715411668e+02,2.454116025688713023e+02
9.040299317384953781e+01,1.587554303124126136e+02,2.454056394127269982e+02
9.746457135595073851e+01,1.576646004972905644e+02,2.453997479692605168e+02
1.038824665091696460e+02,1.565759317279535310e+02,2.453939200132123801e+02
1.097901570897437011e+02,1.554880111187445664e+02,2.453881476463995455e+02
1.152827522288007032e+02,1.543994284633531322e+02,2.453824232527546485e+02
1.204308956513191191e+02,1.533087686136525747e+02,2.453767394564688118e+02
1.252888042944439206e+02,1.522146037791047775e+02,2.453710890827322828e+02
1.298992074232484981e+02,1.511154856530552877e+02,2.453654651206155108e+02
1.342965322913048851e+02,1.500099372679912904e+02,2.453598606876732617e+02
1.385090421155008755e+02,1.488964444753526095e+02,2.453542689958845244e+02
1.425603193383594771e+02,1.477734469365294672e+02,2.453486833185671969e+02
1.464703241126109958e+02,1.466393284999009836e+02,2.453430969579212899e+02
1.502561682765624482e+02,1.454924068237079950e+02,2.453375032128680857e+02
1.539326934916448693e+02,1.443309220856017987e+02,2.453318953468545089e+02
1.575129113501310769e+02,1.431530245960925072e+02,2.453262665552963142e+02
1.610083441702227276e+02,1.419567611038067412e+02,2.453206099323216733e+02
1.644292930355903763e+02,1.407400595441604310e+02,2.453149184364688438e+02
1.677850516882411966e+02,1.395007119380429685e+02,2.453091848549707095e+02
1.710840795680244071e+02,1.382363550912042172e+02,2.453034017662337760e+02
1.743341436640201323e+02,1.369444486753325521e+02,2.452975615000871983e+02
1.775424363213736285e+02,1.356222501845385011e+02,2.452916560953349006e+02
1.807156743660191296e+02,1.342667861510632008e+02,2.452856772540935708e+02
1.838601836337128077e+02,1.328748188648308997e+02,2.452796162923354473e+02
1.869819720644818801e+02,1.314428076638938876e+02,2.452734640859835054e+02
1.900867938458663673e+02,1.299668636345985533e+02,2.452672110118107582e+02
1.931802065882891668e+02,1.284426962645264894e+02,2.452608468822912187e+02
1.962676231455370726e+02,1.268655502044621244e+02,2.452543608734165446e+02
1.993543594192910007e+02,1.252301297847914725e+02,2.452477414443365547e+02
2.024456792855990841e+02,1.235305082498224891e+02,2.452409762474947570e+02
2.055468376367666963e+02,1.217600177525963829e+02,2.452340520276976292e+02
2.086631224329549923e+02,1.199111148931925470e+02,2.452269545082882587e+02
2.117998965960283044e+02,1.179752148367547022e+02,2.452196682622555954e+02
2.149626405488612590e+02,1.159424845879042465e+02,2.452121765657106209e+02
2.181569962034963055e+02,1.138015824765759731e+02,2.452044612306616216e+02
2.213888132302218423e+02,1.115393257737953974e+02,2.451965024134181306e+02
2.246641984974103536e+02,1.091402607083226428e+02,2.451882783942038486e+02
2.279895696611102096e+02,1.065860975040341714e+02,2.451797653226371949e+02
2.313717140079416765e+02,1.038549548425764755e+02,2.451709369225887087e+02
2.348178538209105852e+02,1.009203288307187734e+02,2.451617641484894534e+02
2.383357197538676928e+02,9.774965273215909178e+01,2.451522147833622398e+02
2.419336339782366849e+02,9.430222924329034129e+01,2.451422529665645413e+02
2.451541939623612905e+02,9.118463307066149071e+01,2.446674600938803792e+02
2.452712627580963556e+02,9.229505971021019661e+01,2.411424176497103247e+02
2.453819089598346181e+02,9.333048464303661262e+01,2.377448222168472114e+02
2.454867692872400653e+02,9.429959128340472319e+01,2.344626448359881010e+02
2.455864023499902373e+02,9.520977959905646060e+01,2.312850798764266358e+02
2.456813004526461270e+02,9.606739998238145972e+01,2.282023739587177715e+02
2.457718993313194460e+02,9.687793715000850625e+01,2.252056817357961052e+02
2.458585862336279888e+02,9.764615626477832677e+01,2.222869435496234871e+02
2.459417066625123027e+02,9.837622014930354908e+01,2.194387810002557160e+02
2.460215700355540491e+02,9.907178413230393232e+01,2.166544072512874948e+02
2.460984544587589937e+02,9.973607341329586973e+01,2.139275495074120386e+02
2.461726107731807645e+02,1.003719466370484241e+02,2.112523815783812609e+02
2.462442660012672206e+02,1.009819484966887870e+02,2.086234648200804145e+02
2.463136262951932736e+02,1.015683535392059298e+02,2.060356960409045541e+02
2.463808794700894964e+02,1.021332028648655239e+02,2.034842611975108468e+02
2.464461971897447370e+02,1.026783350479160646e+02,2.009645938914312353e+02
2.465097368601612970e+02,1.032054123284291052e+02,1.984723378268673457e+02
2.465716432765736670e+02,1.037159429117210294e+02,1.960033125078086016e+02
2.466320500616780009e+02,1.042113000464039487e+02,1.935534815450791370e+02
2.466910809264576869e+02,1.046927384229249895e+02,1.911189230153514984e+02
2.467488507798296382e+02,1.051614083328385192e+02,1.886958013676927237e+02
2.468054667091095666e+02,1.056183679485970117e+02,1.862803404111137411e+02
2.468610288498428531e+02,1.060645940195420422e+02,1.838687969403279396e+02
2.469156311607054590e+02,1.065009912283998972e+02,1.814574345673045457e+02
2.469693621168276252e+02,1.069284004111995614e+02,1.790424973233436674e+02
2.470223053329546588e+02,1.073476058100074226e+02,1.766201825797984100e+02
2.470745401262460916e+02,1.077593415006041084e+02,1.741866128039486057e+02
2.471261420271705447e+02,1.081642971149519497e+02,1.717378056178101247e+02
2.471771832458414622e+02,1.085631229600267176e+02,1.692696415586721628e+02
2.472277331002074447e+02,1.089564346195544573e+02,1.667778288464145362e+02
2.472778584117347975e+02,1.093448171127920432e+02,1.642578643378769243e+02
2.473276238735820414e+02,1.097288286742323606e+02,1.617049896840573524e+02
2.473770923957310117e+02,1.101090042096317063e+02,1.591141414896448225e+02
2.474263254311076139e+02,1.104858584767300442e+02,1.564798939896247418e+02
2.474753832863704304e+02,1.108598890332305587e+02,1.537963923809335256e+02
2.475243254207659618e+02,1.112315789898270992e+02,1.510572744451670530e+02
2.475732107362372858e+02,1.116013996021522843e+02,1.482555774235539729e+02
2.476569923635501596e+02,1.122319169249570479e+02,1.432880801588790121e+02
2.477060190066472103e+02,1.125989731654647414e+02,1.402754171192408421e+02
