7.328599149647354238e+01,0.000000000000000000e+00,1.064152718747556179e+02
7.482926872859316347e+01,3.149545745661153084e-02,1.068247127730730597e+02
7.637254596071278456e+01,6.299091491322306169e-02,1.072341536713905299e+02
7.791582319283239144e+01,9.448637236983459253e-02,1.076435945697079717e+02
7.945910042495202674e+01,1.259818298264461234e-01,1.080530354680254135e+02
8.100237765707163362e+01,1.574772872830576542e-01,1.084624763663428695e+02
8.254565488919125471e+01,1.889727447396691851e-01,1.088719172646603113e+02
8.408893212131086159e+01,2.204682021962807159e-01,1.092813581629777673e+02
8.563220935343048268e+01,2.519636596528922468e-01,1.096907990612952091e+02
8.717548658555008956e+01,2.834591171095037776e-01,1.101002399596126651e+02
8.871876381766972486e+01,3.149545745661153084e-01,1.105096808579301069e+02
9.026204104978933174e+01,3.464500320227268393e-01,1.109191217562475487e+02
9.180531828190895283e+01,3.779454894793383701e-01,1.113285626545650189e+02
9.334859551402855971e+01,4.094409469359499010e-01,1.117380035528824607e+02
9.489187274614818079e+01,4.409364043925614318e-01,1.121474444511999025e+02
9.643514997826778767e+01,4.724318618491729627e-01,1.125568853495173585e+02
9.797842721038740876e+01,5.039273193057844935e-01,1.129663262478348145e+02
9.952170444250702985e+01,5.354227767623960244e-01,1.133757671461522563e+02
1.010649816746266509e+02,5.669182342190075552e-01,1.137852080444697123e+02
1.026082589067462578e+02,5.984136916756190860e-01,1.141946489427871541e+02
1.041515361388658789e+02,6.299091491322306169e-01,1.146040898411045958e+02
1.056948133709854858e+02,6.614046065888421477e-01,1.150135307394220519e+02
1.072380906031051211e+02,6.929000640454536786e-01,1.154229716377395079e+02
1.087813678352247138e+02,7.243955215020652094e-01,1.158324125360569496e+02
1.103246450673443491e+02,7.558909789586767403e-01,1.162418534343743914e+02
1.118679222994639559e+02,7.873864364152882711e-01,1.166512943326918617e+02
1.134111995315835770e+02,8.188818938718998020e-01,1.170607352310093034e+02
1.149544767637031839e+02,8.503773513285113328e-01,1.174701761293267452e+02
1.164977539958228050e+02,8.818728087851228636e-01,1.178796170276441870e+02
1.180410312279424261e+02,9.133682662417343945e-01,1.182890579259616430e+02
1.195843084600620330e+02,9.448637236983459253e-01,1.186984988242790990e+02
1.211275856921816541e+02,9.763591811549574562e-01,1.191079397225965550e+02
1.226826737493641133e+02,1.003917706429492629e+00,1.194937590306264497e+02
1.243204375819865248e+02,1.003917706429492629e+00,1.197142272066435282e+02
1.259582014146089506e+02,1.003917706429492629e+00,1.199346953826606352e+02
1.275959652472313763e+02,1.003917706429492629e+00,1.201551635586777138e+02
1.292337290798537879e+02,1.003917706429492629e+00,1.203756317346948066e+02
1.308714929124761852e+02,1.003917706429492629e+00,1.205960999107118852e+02
1.325092567450986110e+02,1.003917706429492629e+00,1.208165680867289780e+02
1.341470205777210083e+02,1.003917706429492629e+00,1.210370362627460565e+02
1.357847844103434340e+02,1.003917706429492629e+00,1.212575044387631635e+02
1.374225482429658314e+02,1.003917706429492629e+00,1.214779726147802421e+02
1.390603120755882856e+02,1.003917706429492629e+00,1.216984407907973349e+02
1.406980759082107113e+02,1.003917706429492629e+00,1.219189089668144135e+02
1.423358397408331086e+02,1.003917706429492629e+00,1.221393771428315063e+02
1.439736035734555344e+02,1.003917706429492629e+00,1.223598453188485848e+02
1.456113674060779317e+02,1.003917706429492629e+00,1.225803134948656918e+02
1.472491312387003575e+02,1.003917706429492629e+00,1.228007816708827704e+02
1.488868950713227548e+02,1.003917706429492629e+00,1.230212498468998632e+02
1.505246589039451806e+02,1.003917706429492629e+00,1.232417180229169418e+02
1.521624227365676063e+02,1.003917706429492629e+00,1.234621861989340346e+02
1.538001865691900321e+02,1.003917706429492629e+00,1.236826543749511131e+02
1.554379504018124294e+02,1.003917706429492629e+00,1.239031225509682201e+02
1.570757142344348267e+02,1.003917706429492629e+00,1.241235907269852987e+02
1.587134780670572525e+02,1.003917706429492629e+00,1.243440589030023915e+02
1.603512418996796782e+02,1.003917706429492629e+00,1.245645270790194701e+02
1.619890057323021040e+02,1.003917706429492629e+00,1.247849952550365629e+02
1.636267695649245013e+02,1.003917706429492629e+00,1.250054634310536414e+02
1.652645333975469271e+02,1.003917706429492629e+00,1.252259316070707484e+02
1.669022972301693528e+02,1.003917706429492629e+00,1.254463997830878270e+02
1.685400610627917786e+02,1.003917706429492629e+00,1.256668679591049198e+02
1.701778248954141759e+02,1.003917706429492629e+00,1.258873361351219984e+02
1.718155887280366017e+02,1.003917706429492629e+00,1.261078043111390912e+02
1.734533525606589990e+02,1.003917706429492629e+00,1.263282724871561697e+02
1.750517470162973552e+02,1.405484770301866471e+00,1.266904702647366889e+02
1.765320333409835314e+02,3.011753025791361171e+00,1.274778568470074731e+02
1.780123196656696791e+02,4.618021281280833001e+00,1.282652434292782573e+02
1.794926059903558553e+02,6.224289536770351461e+00,1.290526300115490415e+02
1.809728923150420314e+02,7.830557792259845939e+00,1.298400165938198541e+02
1.824531786397281792e+02,9.436826047749340418e+00,1.306274031760906382e+02
1.839334649644143553e+02,1.104309430323883490e+01,1.314147897583614508e+02
1.854137512891005031e+02,1.264936255872833115e+01,1.322021763406322350e+02
1.868940376137866792e+02,1.425563081421782563e+01,1.329895629229030192e+02
1.883743239384728270e+02,1.586189906970732011e+01,1.337769495051738033e+02
1.898546102631589747e+02,1.746816732519679150e+01,1.345643360874445875e+02
1.913348965878451509e+02,1.907443558068630907e+01,1.353517226697154001e+02
1.928151829125313270e+02,2.068070383617580532e+01,1.361391092519861559e+02
1.942954692372175032e+02,2.228697209166530158e+01,1.369264958342569685e+02
1.957757555619036509e+02,2.389324034715479428e+01,1.377138824165277526e+02
1.972560418865898271e+02,2.549950860264429053e+01,1.385012689987985652e+02
1.987363282112759464e+02,2.710577685813378324e+01,1.392886555810693494e+02
2.002166145359621225e+02,2.871204511362327594e+01,1.400760421633401052e+02
2.016969008606482419e+02,3.031831336911274732e+01,1.408634287456109178e+02
2.031771871853344464e+02,3.192458162460226490e+01,1.416508153278817019e+02
2.046574735100205942e+02,3.353084988009175760e+01,1.424382019101525145e+02
2.061377598347067703e+02,3.513711813558125385e+01,1.432255884924232987e+02
2.061377598347067703e+02,3.513711813558125385e+01,1.432255884924232987e+02
2.076180461593929465e+02,3.674338639107075011e+01,1.440129750746940829e+02
2.090983324840790942e+02,3.834965464656024636e+01,1.448003616569648671e+02
2.105786188087652420e+02,3.995592290204974262e+01,1.455877482392356512e+02
2.120589051334514181e+02,4.156219115753923887e+01,1.463751348215064638e+02
2.135391914581375659e+02,4.316845941302870671e+01,1.471625214037772196e+02
2.150194777828237420e+02,4.477472766851822428e+01,1.479499079860480322e+02
2.164997641075099182e+02,4.638099592400772053e+01,1.487372945683188163e+02
2.179800504321960659e+02,4.798726417949720968e+01,1.495246811505896289e+02
2.194603367568822421e+02,4.959353243498671304e+01,1.503120677328604131e+02
2.209406230815684182e+02,5.119980069047620219e+01,1.510994543151311973e+02
2.221728827082353348e+02,5.281787974251192708e+01,1.517096788804881555e+02
2.229917645048702468e+02,5.445564345545803775e+01,1.520246334176554228e+02
2.238106463015051304e+02,5.609340716840412000e+01,1.523395879548226901e+02
2.246295280981400424e+02,5.773117088135025199e+01,1.526545424919899858e+02
2.254484098947749544e+02,5.936893459429635556e+01,1.529694970291572531e+02
2.262672916914098380e+02,6.100669830724246623e+01,1.532844515663245204e+02
2.270861734880447216e+02,6.264446202018856980e+01,1.535994061034917877e+02
2.279050552846796336e+02,6.428222573313468047e+01,1.539143606406590550e+02
2.287239370813145456e+02,6.591998944608079114e+01,1.542293151778263223e+02
2.295428188779494292e+02,6.755775315902688760e+01,1.545442697149935896e+02
2.303617006745843128e+02,6.919551687197296985e+01,1.548592242521608284e+02
2.311805824712192248e+02,7.083328058491910895e+01,1.551741787893281241e+02
2.319994642678541368e+02,7.247104429786520541e+01,1.554891333264953914e+02
2.328183460644890204e+02,7.410880801081131608e+01,1.558040878636626587e+02
2.336372278611239324e+02,7.574657172375742675e+01,1.561190424008299260e+02
2.344561096577588160e+02,7.738433543670353743e+01,1.564339969379971933e+02
2.352749914543936995e+02,7.902209914964963389e+01,1.567489514751644606e+02
2.360938732510286115e+02,8.065986286259574456e+01,1.570639060123317279e+02
2.369127550476634951e+02,8.229762657554182681e+01,1.573788605494989952e+02
2.377316368442984071e+02,8.393539028848795169e+01,1.576938150866662909e+02
2.385505186409332907e+02,8.557315400143406237e+01,1.580087696238335582e+02
2.393694004375682312e+02,8.721091771438017304e+01,1.583237241610008255e+02
2.401882822342031147e+02,8.884868142732626950e+01,1.586386786981680928e+02
2.410071640308379983e+02,9.048644514027236596e+01,1.589536332353353600e+02
2.418260458274729103e+02,9.212420885321847663e+01,1.592685877725025989e+02
2.426449276241077939e+02,9.376197256616457310e+01,1.595835423096698662e+02
2.434638094207427059e+02,9.539973627911065535e+01,1.598984968468371335e+02
2.442826912173776179e+02,9.703749999205679444e+01,1.602134513840044008e+02
2.451015730140125015e+02,9.867526370500290511e+01,1.605284059211716965e+02
2.459204548106473851e+02,1.003130274179490158e+02,1.608433604583389638e+02
2.467393366072822687e+02,1.019507911308951122e+02,1.611583149955062311e+02
2.475582184039172091e+02,1.035885548438412229e+02,1.614732695326734984e+02
2.480149024828097595e+02,1.052735617972005713e+02,1.619457013384243851e+02
2.481093888439599198e+02,1.070058119909731715e+02,1.625756104127589197e+02
2.482038752051101085e+02,1.087380621847457718e+02,1.632055194870934827e+02
2.482983615662602972e+02,1.104703123785183720e+02,1.638354285614280172e+02
2.483928479274104575e+02,1.122025625722909155e+02,1.644653376357625234e+02
2.484873342885606462e+02,1.139348127660635726e+02,1.650952467100970864e+02
2.485818206497108349e+02,1.156670629598361586e+02,1.657251557844316494e+02
2.486763070108609952e+02,1.173993131536087446e+02,1.663550648587661556e+02
2.487707933720111839e+02,1.191315633473813449e+02,1.669849739331006901e+02
2.488652797331613726e+02,1.208638135411539452e+02,1.676148830074352247e+02
2.489597660943115329e+02,1.225960637349265454e+02,1.682447920817697593e+02
2.490542524554617216e+02,1.243283139286991457e+02,1.688747011561043223e+02
2.491487388166119104e+02,1.260605641224717459e+02,1.695046102304388569e+02
2.492432251777620706e+02,1.277928143162443320e+02,1.701345193047733915e+02
2.493377115389122594e+02,1.295250645100169322e+02,1.707644283791078976e+02
2.494321979000624481e+02,1.312573147037895183e+02,1.713943374534424606e+02
2.495266842612126084e+02,1.329895648975621327e+02,1.720242465277769952e+02
2.496211706223627971e+02,1.347218150913347188e+02,1.726541556021115298e+02
2.497156569835129858e+02,1.364540652851073332e+02,1.732840646764460644e+02
2.498101433446631745e+02,1.381863154788799193e+02,1.739139737507806274e+02
2.499046297058133348e+02,1.399185656726524485e+02,1.745438828251151335e+02
2.499991160669635235e+02,1.416508158664250914e+02,1.751737918994496681e+02
2.500936024281137122e+02,1.433830660601976774e+02,1.758037009737842027e+02
2.501880887892638725e+02,1.451153162539702919e+02,1.764336100481187657e+02
2.502825751504140612e+02,1.468475664477429063e+02,1.770635191224533003e+02
2.503770615115642499e+02,1.485798166415154924e+02,1.776934281967878348e+02
2.504715478727144102e+02,1.503120668352880784e+02,1.783233372711223694e+02
2.505660342338645989e+02,1.520443170290606929e+02,1.789532463454569040e+02
2.506605205950148161e+02,1.537765672228332789e+02,1.795831554197914386e+02
2.507550069561649764e+02,1.555088174166058934e+02,1.802130644941259732e+02
2.508494933173151651e+02,1.572410676103784795e+02,1.808429735684605077e+02
2.509439796784653538e+02,1.589733178041510655e+02,1.814728826427950708e+02
2.510187813810425723e+02,1.603709286525880771e+02,1.819256297899730157e+02
2.510817722884760315e+02,1.615677558938236871e+02,1.822720797808570126e+02
2.511447631959094622e+02,1.627645831350592971e+02,1.826185297717409810e+02
2.512077541033429213e+02,1.639614103762949355e+02,1.829649797626249779e+02
2.512707450107763805e+02,1.651582376175304887e+02,1.833114297535089747e+02
2.513337359182098396e+02,1.663550648587661556e+02,1.836578797443929716e+02
2.513967268256432988e+02,1.675518921000017656e+02,1.840043297352769684e+02
2.514597177330767295e+02,1.687487193412374040e+02,1.843507797261609937e+02
2.515227086405101886e+02,1.699455465824730140e+02,1.846972297170449622e+02
2.515856995479436478e+02,1.711423738237086525e+02,1.850436797079289590e+02
2.516486904553771069e+02,1.723392010649442625e+02,1.853901296988129559e+02
2.516486904553771069e+02,1.723392010649442625e+02,1.853901296988129559e+02
2.517116813628105376e+02,1.735360283061798725e+02,1.857365796896969528e+02
2.517746722702439968e+02,1.747328555474155110e+02,1.860830296805809496e+02
2.518376631776774559e+02,1.759296827886511210e+02,1.864294796714649465e+02
2.519006540851109150e+02,1.771265100298867594e+02,1.867759296623489149e+02
2.519636449925443742e+02,1.783233372711223694e+02,1.871223796532329402e+02
2.520266358999778049e+02,1.795201645123580079e+02,1.874688296441169371e+02
2.520896268074112641e+02,1.807169917535936179e+02,1.878152796350009339e+02
2.521526177148447232e+02,1.819138189948292563e+02,1.881617296258849308e+02
2.522156086222781823e+02,1.831106462360648379e+02,1.885081796167688992e+02
2.522785995297116415e+02,1.843074734773004195e+02,1.888546296076528961e+02
2.523415904371450722e+02,1.855043007185360864e+02,1.892010795985368929e+02
2.524045813445785313e+02,1.867011279597716964e+02,1.895475295894209182e+02
2.524675722520119905e+02,1.878979552010073348e+02,1.898939795803049151e+02
2.525305631594454496e+02,1.890947824422429449e+02,1.902404295711889120e+02
2.525935540668788803e+02,1.902916096834785833e+02,1.905868795620728804e+02
2.526565449743123395e+02,1.914884369247141933e+02,1.909333295529568773e+02
2.527195358817457986e+02,1.926852641659498317e+02,1.912797795438408741e+02
2.527825267891792578e+02,1.938820914071854418e+02,1.916262295347248710e+02
2.528455176966127169e+02,1.950789186484210518e+02,1.919726795256088963e+02
2.529085086040461476e+02,1.962757458896566902e+02,1.923191295164928931e+02
2.529714995114796068e+02,1.974725731308923287e+02,1.926655795073768616e+02
2.530108688286255187e+02,1.984095628789649197e+02,1.934372181234366792e+02
2.530423642823422483e+02,1.992599401293165329e+02,1.943505862812217515e+02
2.530738597360589779e+02,2.001103173796681745e+02,1.952639544390068238e+02
2.531053551897757075e+02,2.009606946300198160e+02,1.961773225967919245e+02
2.531368506434924370e+02,2.018110718803714008e+02,1.970906907545769684e+02
2.531683460972091666e+02,2.026614491307230708e+02,1.980040589123620691e+02
2.531998415509258962e+02,2.035118263810746839e+02,1.989174270701471698e+02
2.532313370046426257e+02,2.043622036314262971e+02,1.998307952279322421e+02
2.532628324583593269e+02,2.052125808817779387e+02,2.007441633857172860e+02
2.532943279120760565e+02,2.060629581321295518e+02,2.016575315435023867e+02
2.533258233657927860e+02,2.069133353824811650e+02,2.025708997012874590e+02
2.533573188195095156e+02,2.077637126328328065e+02,2.034842678590725313e+02
2.533888142732262452e+02,2.086140898831844481e+02,2.043976360168576321e+02
2.534203097269429747e+02,2.094644671335360613e+02,2.053110041746427044e+02
2.534518051806597043e+02,2.103148443838876744e+02,2.062243723324277767e+02
2.534833006343764339e+02,2.111652216342393160e+02,2.071377404902128774e+02
2.535147960880931635e+02,2.120155988845909292e+02,2.080511086479979497e+02
2.535462915418098646e+02,2.128659761349425423e+02,2.089644768057829936e+02
2.535777869955265942e+02,2.137163533852941839e+02,2.098778449635680943e+02
2.536092824492433238e+02,2.145667306356457971e+02,2.107912131213531666e+02
2.536407779029600533e+02,2.154171078859973818e+02,2.117045812791382389e+02
2.536722733566768113e+02,2.162674851363490802e+02,2.126179494369233396e+02
2.537037688103935409e+02,2.171178623867006934e+02,2.135313175947084119e+02
2.537352642641102705e+02,2.179682396370523065e+02,2.144446857524934842e+02
2.537667597178270000e+02,2.188186168874039481e+02,2.153580539102785849e+02
2.537982551715437296e+02,2.196689941377555613e+02,2.162714220680636572e+02
2.538297506252604308e+02,2.205193713881071744e+02,2.171847902258487295e+02
2.538612460789771603e+02,2.213697486384588160e+02,2.180981583836338018e+02
2.538927415326938899e+02,2.222201258888104292e+02,2.190115265414188741e+02
2.539242369864106195e+02,2.230705031391620423e+02,2.199248946992039464e+02
2.539557324401273490e+02,2.239208803895136839e+02,2.208382628569890471e+02
2.539872278938440786e+02,2.247712576398653255e+02,2.217516310147741194e+02
2.540462818695629323e+02,2.255114008022084136e+02,2.224720895185442373e+02
2.541092727769963631e+02,2.262357962376931084e+02,2.231649895003122310e+02
2.541722636844298222e+02,2.269601916731778317e+02,2.238578894820802248e+02
2.542352545918632813e+02,2.276845871086625266e+02,2.245507894638482185e+02
2.542982454992967405e+02,2.284089825441472499e+02,2.252436894456161838e+02
2.543612364067301996e+02,2.291333779796319732e+02,2.259365894273842059e+02
2.544242273141636304e+02,2.298577734151166965e+02,2.266294894091521996e+02
2.544872182215970895e+02,2.305821688506014198e+02,2.273223893909201934e+02
2.545502091290305486e+02,2.313065642860861431e+02,2.280152893726881871e+02
2.546132000364640078e+02,2.320309597215708379e+02,2.287081893544561524e+02
2.546761909438974669e+02,2.327553551570555612e+02,2.294010893362241745e+02
2.547391818513309261e+02,2.334797505925403129e+02,2.300939893179921683e+02
2.548021727587643852e+02,2.342041460280250078e+02,2.307868892997601336e+02
2.548651636661978443e+02,2.349285414635097311e+02,2.314797892815281273e+02
2.549281545736313035e+02,2.356529368989944260e+02,2.321726892632961210e+02
2.549911454810647342e+02,2.363773323344791777e+02,2.328655892450641147e+02
2.550541363884981934e+02,2.371017277699638726e+02,2.335584892268321084e+02
2.551171272959316525e+02,2.378261232054485959e+02,2.342513892086000737e+02
2.551801182033651116e+02,2.385505186409333191e+02,2.349442891903680959e+02
2.552431091107985708e+02,2.392749140764180424e+02,2.356371891721360896e+02
2.553061000182320015e+02,2.399993095119027089e+02,2.363300891539040265e+02
2.553690909256654606e+02,2.407237049473874606e+02,2.370229891356720486e+02
2.554320818330989198e+02,2.414481003828721839e+02,2.377158891174400708e+02
2.554950727405323789e+02,2.421724958183569072e+02,2.384087890992080361e+02
2.555580636479658097e+02,2.428968912538416305e+02,2.391016890809760298e+02
2.556210545553992688e+02,2.436212866893263254e+02,2.397945890627440235e+02
2.556840454628327279e+02,2.443456821248110771e+02,2.404874890445120172e+02
2.557470363702661871e+02,2.450700775602957719e+02,2.411803890262800110e+02
2.558100272776996462e+02,2.457944729957804952e+02,2.418732890080480047e+02
2.558730181851330769e+02,2.465188684312652185e+02,2.425661889898159984e+02
