2.288932251450419244e+02,2.610185917507856956e+01,2.810969434951990920e+01
5.530208362449968007e+01,1.266865333031030190e+02,1.842877887888084558e+02
7.789220166238300180e+01,1.749218282098777308e+02,7.499068298872954585e+01
1.538120004160796839e+02,7.888430839462175470e+01,1.617134221877490745e+02
2.559989999999999952e+02,1.295132503639364927e+02,8.031341296146897735e-01
2.542470653870070407e+02,2.526722925515753388e+02,5.098326951863397483e+01
1.685636835506516320e+02,8.735264869222115180e+01,4.372356770620012867e+01
2.453771582340338568e+02,1.301667885382469763e+02,1.907010505817960393e+02
1.535994061034917877e+02,1.535994061034917877e+02,1.535994061034917877e+02
2.288932251450419244e+02,2.610185917507856956e+01,2.810969434951990920e+01
5.530208362449968007e+01,1.266865333031030190e+02,1.842877887888084558e+02
7.789220166238300180e+01,1.749218282098777308e+02,7.499068298872954585e+01
1.538120004160796839e+02,7.888430839462175470e+01,1.617134221877490745e+02
2.559989999999999952e+02,1.295132503639364927e+02,8.031341296146897735e-01
2.542470653870070407e+02,2.526722925515753388e+02,5.098326951863397483e+01
1.685636835506516320e+02,8.735264869222115180e+01,4.372356770620012867e+01
2.453771582340338568e+02,1.301667885382469763e+02,1.907010505817960393e+02
1.535994061034917877e+02,1.535994061034917877e+02,1.535994061034917877e+02
2.288932251450419244e+02,2.610185917507856956e+01,2.810969434951990920e+01
5.530208362449968007e+01,1.266865333031030190e+02,1.842877887888084558e+02
7.789220166238300180e+01,1.749218282098777308e+02,7.499068298872954585e+01
1.538120004160796839e+02,7.888430839462175470e+01,1.617134221877490745e+02
2.559989999999999952e+02,1.295132503639364927e+02,8.031341296146897735e-01
2.542470653870070407e+02,2.526722925515753388e+02,5.098326951863397483e+01
1.685636835506516320e+02,8.735264869222115180e+01,4.372356770620012867e+01
2.453771582340338568e+02,1.301667885382469763e+02,1.907010505817960393e+02
1.535994061034917877e+02,1.535994061034917877e+02,1.535994061034917877e+02
2.288932251450419244e+02,2.610185917507856956e+01,2.810969434951990920e+01
5.530208362449968007e+01,1.266865333031030190e+02,1.842877887888084558e+02
7.789220166238300180e+01,1.749218282098777308e+02,7.499068298872954585e+01
1.538120004160796839e+02,7.888430839462175470e+01,1.617134221877490745e+02
2.559989999999999952e+02,1.295132503639364927e+02,8.031341296146897735e-01
2.542470653870070407e+02,2.526722925515753388e+02,5.098326951863397483e+01
1.685636835506516320e+02,8.735264869222115180e+01,4.372356770620012867e+01
2.453771582340338568e+02,1.301667885382469763e+02,1.907010505817960393e+02
1.535994061034917877e+02,1.535994061034917877e+02,1.535994061034917877e+02
2.288932251450419244e+02,2.610185917507856956e+01,2.810969434951990920e+01
5.530208362449968007e+01,1.266865333031030190e+02,1.842877887888084558e+02
7.789220166238300180e+01,1.749218282098777308e+02,7.499068298872954585e+01
1.538120004160796839e+02,7.888430839462175470e+01,1.617134221877490745e+02
2.559989999999999952e+02,1.295132503639364927e+02,8.031341296146897735e-01
2.542470653870070407e+02,2.526722925515753388e+02,5.098326951863397483e+01
1.685636835506516320e+02,8.735264869222115180e+01,4.372356770620012867e+01
2.453771582340338568e+02,1.301667885382469763e+02,1.907010505817960393e+02
1.535994061034917877e+02,1.535994061034917877e+02,1.535994061034917877e+02
2.288932251450419244e+02,2.610185917507856956e+01,2.810969434951990920e+01
5.530208362449968007e+01,1.266865333031030190e+02,1.842877887888084558e+02
7.789220166238300180e+01,1.749218282098777308e+02,7.499068298872954585e+01
1.538120004160796839e+02,7.888430839462175470e+01,1.617134221877490745e+02
2.559989999999999952e+02,1.295132503639364927e+02,8.031341296146897735e-01
2.542470653870070407e+02,2.526722925515753388e+02,5.098326951863397483e+01
1.685636835506516320e+02,8.735264869222115180e+01,4.372356770620012867e+01
2.453771582340338568e+02,1.301667885382469763e+02,1.907010505817960393e+02
1.535994061034917877e+02,1.535994061034917877e+02,1.535994061034917877e+02
2.288932251450419244e+02,2.610185917507856956e+01,2.810969434951990920e+01
5.530208362449968007e+01,1.266865333031030190e+02,1.842877887888084558e+02
7.789220166238300180e+01,1.749218282098777308e+02,7.499068298872954585e+01
1.538120004160796839e+02,7.888430839462175470e+01,1.617134221877490745e+02
2.559989999999999952e+02,1.295132503639364927e+02,8.031341296146897735e-01
2.542470653870070407e+02,2.526722925515753388e+02,5.098326951863397483e+01
1.685636835506516320e+02,8.735264869222115180e+01,4.372356770620012867e+01
2.453771582340338568e+02,1.301667885382469763e+02,1.907010505817960393e+02
1.535994061034917877e+02,1.535994061034917877e+02,1.535994061034917877e+02
2.288932251450419244e+02,2.610185917507856956e+01,2.810969434951990920e+01
5.530208362449968007e+01,1.266865333031030190e+02,1.842877887888084558e+02
7.789220166238300180e+01,1.749218282098777308e+02,7.499068298872954585e+01
1.538120004160796839e+02,7.888430839462175470e+01,1.617134221877490745e+02
2.559989999999999952e+02,1.295132503639364927e+02,8.031341296146897735e-01
2.542470653870070407e+02,2.526722925515753388e+02,5.098326951863397483e+01
1.685636835506516320e+02,8.735264869222115180e+01,4.372356770620012867e+01
2.453771582340338568e+02,1.301667885382469763e+02,1.907010505817960393e+02
1.535994061034917877e+02,1.535994061034917877e+02,1.535994061034917877e+02
2.288932251450419244e+02,2.610185917507856956e+01,2.810969434951990920e+01
5.530208362449968007e+01,1.266865333031030190e+02,1.842877887888084558e+02
7.789220166238300180e+01,1.749218282098777308e+02,7.499068298872954585e+01
1.538120004160796839e+02,7.888430839462175470e+01,1.617134221877490745e+02
2.559989999999999952e+02,1.295132503639364927e+02,8.031341296146897735e-01
2.542470653870070407e+02,2.526722925515753388e+02,5.098326951863397483e+01
1.685636835506516320e+02,8.735264869222115180e+01,4.372356770620012867e+01
2.453771582340338568e+02,1.301667885382469763e+02,1.907010505817960393e+02
1.535994061034917877e+02,1.535994061034917877e+02,1.535994061034917877e+02
2.288932251450419244e+02,2.610185917507856956e+01,2.810969434951990920e+01
5.530208362449968007e+01,1.266865333031030190e+02,1.842877887888084558e+02
7.789220166238300180e+01,1.749218282098777308e+02,7.499068298872954585e+01
1.538120004160796839e+02,7.888430839462175470e+01,1.617134221877490745e+02
2.559989999999999952e+02,1.295132503639364927e+02,8.031341296146897735e-01
2.542470653870070407e+02,2.526722925515753388e+02,5.098326951863397483e+01
1.685636835506516320e+02,8.735264869222115180e+01,4.372356770620012867e+01
2.453771582340338568e+02,1.301667885382469763e+02,1.907010505817960393e+02
1.535994061034917877e+02,1.535994061034917877e+02,1.535994061034917877e+02
2.288932251450419244e+02,2.610185917507856956e+01,2.810969434951990920e+01
5.530208362449968007e+01,1.266865333031030190e+02,1.842877887888084558e+02
7.789220166238300180e+01,1.749218282098777308e+02,7.499068298872954585e+01
1.538120004160796839e+02,7.888430839462175470e+01,1.617134221877490745e+02
2.559989999999999952e+02,1.295132503639364927e+02,8.031341296146897735e-01
2.542470653870070407e+02,2.526722925515753388e+02,5.098326951863397483e+01
1.685636835506516320e+02,8.735264869222115180e+01,4.372356770620012867e+01
2.453771582340338568e+02,1.301667885382469763e+02,1.907010505817960393e+02
1.535994061034917877e+02,1.535994061034917877e+02,1.535994061034917877e+02
2.288932251450419244e+02,2.610185917507856956e+01,2.810969434951990920e+01
5.530208362449968007e+01,1.266865333031030190e+02,1.842877887888084558e+02
7.789220166238300180e+01,1.749218282098777308e+02,7.499068298872954585e+01
1.538120004160796839e+02,7.888430839462175470e+01,1.617134221877490745e+02
2.559989999999999952e+02,1.295132503639364927e+02,8.031341296146897735e-01
2.542470653870070407e+02,2.526722925515753388e+02,5.098326951863397483e+01
1.685636835506516320e+02,8.735264869222115180e+01,4.372356770620012867e+01
2.453771582340338568e+02,1.301667885382469763e+02,1.907010505817960393e+02
1.535994061034917877e+02,1.535994061034917877e+02,1.535994061034917877e+02
2.288932251450419244e+02,2.610185917507856956e+01,2.810969434951990920e+01
5.530208362449968007e+01,1.266865333031030190e+02,1.842877887888084558e+02
7.789220166238300180e+01,1.749218282098777308e+02,7.499068298872954585e+01
1.538120004160796839e+02,7.888430839462175470e+01,1.617134221877490745e+02
2.559989999999999952e+02,1.295132503639364927e+02,8.031341296146897735e-01
2.542470653870070407e+02,2.526722925515753388e+02,5.098326951863397483e+01
1.685636835506516320e+02,8.735264869222115180e+01,4.372356770620012867e+01
2.453771582340338568e+02,1.301667885382469763e+02,1.907010505817960393e+02
1.535994061034917877e+02,1.535994061034917877e+02,1.535994061034917877e+02
2.288932251450419244e+02,2.610185917507856956e+01,2.810969434951990920e+01
5.530208362449968007e+01,1.266865333031030190e+02,1.842877887888084558e+02
7.789220166238300180e+01,1.749218282098777308e+02,7.499068298872954585e+01
1.538120004160796839e+02,7.888430839462175470e+01,1.617134221877490745e+02
2.559989999999999952e+02,1.295132503639364927e+02,8.031341296146897735e-01
2.542470653870070407e+02,2.526722925515753388e+02,5.098326951863397483e+01
1.685636835506516320e+02,8.735264869222115180e+01,4.372356770620012867e+01
2.453771582340338568e+02,1.301667885382469763e+02,1.907010505817960393e+02
1.535994061034917877e+02,1.535994061034917877e+02,1.535994061034917877e+02
2.288932251450419244e+02,2.610185917507856956e+01,2.810969434951990920e+01
5.530208362449968007e+01,1.266865333031030190e+02,1.842877887888084558e+02
7.789220166238300180e+01,1.749218282098777308e+02,7.499068298872954585e+01
1.538120004160796839e+02,7.888430839462175470e+01,1.617134221877490745e+02
2.559989999999999952e+02,1.295132503639364927e+02,8.031341296146897735e-01
2.542470653870070407e+02,2.526722925515753388e+02,5.098326951863397483e+01
1.685636835506516320e+02,8.735264869222115180e+01,4.372356770620012867e+01
2.453771582340338568e+02,1.301667885382469763e+02,1.907010505817960393e+02
1.535994061034917877e+02,1.535994061034917877e+02,1.535994061034917877e+02
2.288932251450419244e+02,2.610185917507856956e+01,2.810969434951990920e+01
5.530208362449968007e+01,1.266865333031030190e+02,1.842877887888084558e+02
7.789220166238300180e+01,1.749218282098777308e+02,7.499068298872954585e+01
1.538120004160796839e+02,7.888430839462175470e+01,1.617134221877490745e+02
2.559989999999999952e+02,1.295132503639364927e+02,8.031341296146897735e-01
2.542470653870070407e+02,2.526722925515753388e+02,5.098326951863397483e+01
1.685636835506516320e+02,8.735264869222115180e+01,4.372356770620012867e+01
2.453771582340338568e+02,1.301667885382469763e+02,1.907010505817960393e+02
1.535994061034917877e+02,1.535994061034917877e+02,1.535994061034917877e+02
2.288932251450419244e+02,2.610185917507856956e+01,2.810969434951990920e+01
5.530208362449968007e+01,1.266865333031030190e+02,1.842877887888084558e+02
7.789220166238300180e+01,1.749218282098777308e+02,7.499068298872954585e+01
1.538120004160796839e+02,7.888430839462175470e+01,1.617134221877490745e+02
2.559989999999999952e+02,1.295132503639364927e+02,8.031341296146897735e-01
2.542470653870070407e+02,2.526722925515753388e+02,5.098326951863397483e+01
1.685636835506516320e+02,8.735264869222115180e+01,4.372356770620012867e+01
2.453771582340338568e+02,1.301667885382469763e+02,1.907010505817960393e+02
1.535994061034917877e+02,1.535994061034917877e+02,1.535994061034917877e+02
2.288932251450419244e+02,2.610185917507856956e+01,2.810969434951990920e+01
5.530208362449968007e+01,1.266865333031030190e+02,1.842877887888084558e+02
7.789220166238300180e+01,1.749218282098777308e+02,7.499068298872954585e+01
1.538120004160796839e+02,7.888430839462175470e+01,1.617134221877490745e+02
2.559989999999999952e+02,1.295132503639364927e+02,8.031341296146897735e-01
2.542470653870070407e+02,2.526722925515753388e+02,5.098326951863397483e+01
1.685636835506516320e+02,8.735264869222115180e+01,4.372356770620012867e+01
2.453771582340338568e+02,1.301667885382469763e+02,1.907010505817960393e+02
1.535994061034917877e+02,1.535994061034917877e+02,1.535994061034917877e+02
2.288932251450419244e+02,2.610185917507856956e+01,2.810969434951990920e+01
5.530208362449968007e+01,1.266865333031030190e+02,1.842877887888084558e+02
7.789220166238300180e+01,1.749218282098777308e+02,7.499068298872954585e+01
1.538120004160796839e+02,7.888430839462175470e+01,1.617134221877490745e+02
2.559989999999999952e+02,1.295132503639364927e+02,8.031341296146897735e-01
2.542470653870070407e+02,2.526722925515753388e+02,5.098326951863397483e+01
1.685636835506516320e+02,8.735264869222115180e+01,4.372356770620012867e+01
2.453771582340338568e+02,1.301667885382469763e+02,1.907010505817960393e+02
1.535994061034917877e+02,1.535994061034917877e+02,1.535994061034917877e+02
2.288932251450419244e+02,2.610185917507856956e+01,2.810969434951990920e+01
5.530208362449968007e+01,1.266865333031030190e+02,1.842877887888084558e+02
7.789220166238300180e+01,1.749218282098777308e+02,7.499068298872954585e+01
1.538120004160796839e+02,7.888430839462175470e+01,1.617134221877490745e+02
2.559989999999999952e+02,1.295132503639364927e+02,8.031341296146897735e-01
2.542470653870070407e+02,2.526722925515753388e+02,5.098326951863397483e+01
1.685636835506516320e+02,8.735264869222115180e+01,4.372356770620012867e+01
2.453771582340338568e+02,1.301667885382469763e+02,1.907010505817960393e+02
1.535994061034917877e+02,1.535994061034917877e+02,1.535994061034917877e+02
2.288932251450419244e+02,2.610185917507856956e+01,2.810969434951990920e+01
5.530208362449968007e+01,1.266865333031030190e+02,1.842877887888084558e+02
7.789220166238300180e+01,1.749218282098777308e+02,7.499068298872954585e+01
1.538120004160796839e+02,7.888430839462175470e+01,1.617134221877490745e+02
2.559989999999999952e+02,1.295132503639364927e+02,8.031341296146897735e-01
2.542470653870070407e+02,2.526722925515753388e+02,5.098326951863397483e+01
1.685636835506516320e+02,8.735264869222115180e+01,4.372356770620012867e+01
2.453771582340338568e+02,1.301667885382469763e+02,1.907010505817960393e+02
1.535994061034917877e+02,1.535994061034917877e+02,1.535994061034917877e+02
2.288932251450419244e+02,2.610185917507856956e+01,2.810969434951990920e+01
5.530208362449968007e+01,1.266865333031030190e+02,1.842877887888084558e+02
7.789220166238300180e+01,1.749218282098777308e+02,7.499068298872954585e+01
1.538120004160796839e+02,7.888430839462175470e+01,1.617134221877490745e+02
2.559989999999999952e+02,1.295132503639364927e+02,8.031341296146897735e-01
2.542470653870070407e+02,2.526722925515753388e+02,5.098326951863397483e+01
1.685636835506516320e+02,8.735264869222115180e+01,4.372356770620012867e+01
2.453771582340338568e+02,1.301667885382469763e+02,1.907010505817960393e+02
1.535994061034917877e+02,1.535994061034917877e+02,1.535994061034917877e+02
2.288932251450419244e+02,2.610185917507856956e+01,2.810969434951990920e+01
5.530208362449968007e+01,1.266865333031030190e+02,1.842877887888084558e+02
7.789220166238300180e+01,1.749218282098777308e+02,7.499068298872954585e+01
1.538120004160796839e+02,7.888430839462175470e+01,1.617134221877490745e+02
2.559989999999999952e+02,1.295132503639364927e+02,8.031341296146897735e-01
2.542470653870070407e+02,2.526722925515753388e+02,5.098326951863397483e+01
1.685636835506516320e+02,8.735264869222115180e+01,4.372356770620012867e+01
2.453771582340338568e+02,1.301667885382469763e+02,1.907010505817960393e+02
1.535994061034917877e+02,1.535994061034917877e+02,1.535994061034917877e+02
2.288932251450419244e+02,2.610185917507856956e+01,2.810969434951990920e+01
5.530208362449968007e+01,1.266865333031030190e+02,1.842877887888084558e+02
7.789220166238300180e+01,1.749218282098777308e+02,7.499068298872954585e+01
1.538120004160796839e+02,7.888430839462175470e+01,1.617134221877490745e+02
2.559989999999999952e+02,1.295132503639364927e+02,8.031341296146897735e-01
2.542470653870070407e+02,2.526722925515753388e+02,5.098326951863397483e+01
1.685636835506516320e+02,8.735264869222115180e+01,4.372356770620012867e+01
2.453771582340338568e+02,1.301667885382469763e+02,1.907010505817960393e+02
1.535994061034917877e+02,1.535994061034917877e+02,1.535994061034917877e+02
2.288932251450419244e+02,2.610185917507856956e+01,2.810969434951990920e+01
5.530208362449968007e+01,1.266865333031030190e+02,1.842877887888084558e+02
7.789220166238300180e+01,1.749218282098777308e+02,7.499068298872954585e+01
1.538120004160796839e+02,7.888430839462175470e+01,1.617134221877490745e+02
2.559989999999999952e+02,1.295132503639364927e+02,8.031341296146897735e-01
2.542470653870070407e+02,2.526722925515753388e+02,5.098326951863397483e+01
1.685636835506516320e+02,8.735264869222115180e+01,4.372356770620012867e+01
2.453771582340338568e+02,1.301667885382469763e+02,1.907010505817960393e+02
1.535994061034917877e+02,1.535994061034917877e+02,1.535994061034917877e+02
2.288932251450419244e+02,2.610185917507856956e+01,2.810969434951990920e+01
5.530208362449968007e+01,1.266865333031030190e+02,1.842877887888084558e+02
7.789220166238300180e+01,1.749218282098777308e+02,7.499068298872954585e+01
1.538120004160796839e+02,7.888430839462175470e+01,1.617134221877490745e+02
2.559989999999999952e+02,1.295132503639364927e+02,8.031341296146897735e-01
2.542470653870070407e+02,2.526722925515753388e+02,5.098326951863397483e+01
1.685636835506516320e+02,8.735264869222115180e+01,4.372356770620012867e+01
2.453771582340338568e+02,1.301667885382469763e+02,1.907010505817960393e+02
1.535994061034917877e+02,1.535994061034917877e+02,1.535994061034917877e+02
2.288932251450419244e+02,2.610185917507856956e+01,2.810969434951990920e+01
5.530208362449968007e+01,1.266865333031030190e+02,1.842877887888084558e+02
7.789220166238300180e+01,1.749218282098777308e+02,7.499068298872954585e+01
1.538120004160796839e+02,7.888430839462175470e+01,1.617134221877490745e+02
2.559989999999999952e+02,1.295132503639364927e+02,8.031341296146897735e-01
2.542470653870070407e+02,2.526722925515753388e+02,5.098326951863397483e+01
1.685636835506516320e+02,8.735264869222115180e+01,4.372356770620012867e+01
2.453771582340338568e+02,1.301667885382469763e+02,1.907010505817960393e+02
1.535994061034917877e+02,1.535994061034917877e+02,1.535994061034917877e+02
2.288932251450419244e+02,2.610185917507856956e+01,2.810969434951990920e+01
5.530208362449968007e+01,1.266865333031030190e+02,1.842877887888084558e+02
7.789220166238300180e+01,1.749218282098777308e+02,7.499068298872954585e+01
1.538120004160796839e+02,7.888430839462175470e+01,1.617134221877490745e+02
2.559989999999999952e+02,1.295132503639364927e+02,8.031341296146897735e-01
2.542470653870070407e+02,2.526722925515753388e+02,5.098326951863397483e+01
1.685636835506516320e+02,8.735264869222115180e+01,4.372356770620012867e+01
2.453771582340338568e+02,1.301667885382469763e+02,1.907010505817960393e+02
1.535994061034917877e+02,1.535994061034917877e+02,1.535994061034917877e+02
2.288932251450419244e+02,2.610185917507856956e+01,2.810969434951990920e+01
5.530208362449968007e+01,1.266865333031030190e+02,1.842877887888084558e+02
7.789220166238300180e+01,1.749218282098777308e+02,7.499068298872954585e+01
1.538120004160796839e+02,7.888430839462175470e+01,1.617134221877490745e+02
